>CMAGGTGAGY	1-CMAGGTGAGY	5.489497	-105.658817	0	T:632.0(20.14%),B:2185.6(10.65%),P:1e-45	Tpos:107.2,Tstd:86.7,Bpos:95.0,Bstd:133.0,StrandBias:10.0,Multiplicity:1.12
0.214	0.467	0.205	0.114
0.409	0.349	0.137	0.105
0.494	0.215	0.108	0.184
0.220	0.013	0.674	0.093
0.054	0.005	0.928	0.013
0.010	0.084	0.223	0.683
0.164	0.098	0.737	0.001
0.723	0.149	0.106	0.022
0.266	0.055	0.612	0.067
0.043	0.379	0.112	0.466
>GTYSRRNYCC	2-GTYSRRNYCC	5.897058	-85.672337	0	T:104.0(3.31%),B:102.9(0.50%),P:1e-37	Tpos:100.0,Tstd:76.9,Bpos:103.6,Bstd:133.2,StrandBias:10.0,Multiplicity:1.00
0.148	0.190	0.657	0.005
0.062	0.203	0.135	0.600
0.096	0.355	0.197	0.352
0.226	0.391	0.272	0.111
0.305	0.148	0.411	0.136
0.422	0.084	0.294	0.200
0.293	0.180	0.276	0.251
0.131	0.355	0.066	0.448
0.037	0.734	0.108	0.121
0.018	0.760	0.025	0.197
>CCGCGGCGGC	3-CCGCGGCGGC	4.891530	-55.861905	0	T:383.0(12.21%),B:1371.3(6.68%),P:1e-24	Tpos:82.6,Tstd:53.9,Bpos:85.2,Bstd:196.5,StrandBias:10.0,Multiplicity:1.37
0.001	0.997	0.001	0.001
0.001	0.613	0.385	0.001
0.001	0.001	0.997	0.001
0.001	0.997	0.001	0.001
0.001	0.380	0.618	0.001
0.001	0.001	0.997	0.001
0.001	0.997	0.001	0.001
0.001	0.411	0.587	0.001
0.001	0.196	0.802	0.001
0.001	0.923	0.075	0.001
>TGGAAGAGCG	4-TGGAAGAGCG	6.697297	-52.474659	0	T:41.0(1.31%),B:17.9(0.09%),P:1e-22	Tpos:78.5,Tstd:44.0,Bpos:86.9,Bstd:72.5,StrandBias:10.0,Multiplicity:1.00
0.009	0.001	0.001	0.989
0.001	0.047	0.951	0.001
0.001	0.001	0.997	0.001
0.496	0.001	0.166	0.336
0.617	0.049	0.001	0.333
0.009	0.001	0.989	0.001
0.997	0.001	0.001	0.001
0.001	0.001	0.902	0.096
0.001	0.997	0.001	0.001
0.001	0.001	0.997	0.001
>AGAACCTGGC	5-AGAACCTGGC	7.220171	-50.002767	0	T:143.0(4.56%),B:330.0(1.61%),P:1e-21	Tpos:92.5,Tstd:71.4,Bpos:89.9,Bstd:72.8,StrandBias:10.0,Multiplicity:1.04
0.775	0.028	0.121	0.076
0.053	0.048	0.836	0.063
0.844	0.017	0.090	0.049
0.885	0.016	0.032	0.067
0.056	0.803	0.069	0.072
0.082	0.792	0.065	0.061
0.053	0.068	0.053	0.826
0.063	0.063	0.809	0.065
0.108	0.093	0.722	0.077
0.075	0.715	0.082	0.128
>CGCGCCGGGC	6-CGCGCCGGGC	10.380591	-47.722951	0	T:32.0(1.02%),B:8.9(0.04%),P:1e-20	Tpos:115.8,Tstd:85.1,Bpos:100.6,Bstd:75.3,StrandBias:10.0,Multiplicity:1.00
0.001	0.997	0.001	0.001
0.001	0.001	0.997	0.001
0.001	0.997	0.001	0.001
0.001	0.001	0.997	0.001
0.051	0.947	0.001	0.001
0.001	0.963	0.001	0.035
0.001	0.001	0.997	0.001
0.001	0.001	0.997	0.001
0.001	0.001	0.947	0.051
0.001	0.997	0.001	0.001
>GGYAGGTARS	7-GGYAGGTARS	6.631068	-46.736582	0	T:60.0(1.91%),B:65.8(0.32%),P:1e-20	Tpos:90.8,Tstd:44.5,Bpos:87.1,Bstd:81.2,StrandBias:10.0,Multiplicity:1.00
0.032	0.038	0.614	0.316
0.008	0.311	0.650	0.031
0.212	0.315	0.041	0.432
0.610	0.071	0.274	0.045
0.353	0.019	0.553	0.075
0.038	0.039	0.885	0.038
0.238	0.104	0.090	0.568
0.432	0.281	0.062	0.225
0.454	0.061	0.420	0.064
0.131	0.257	0.387	0.225
>GCTCGGTCGS	8-GCTCGGTCGS	7.764842	-46.301932	0	T:105.0(3.35%),B:205.3(1.00%),P:1e-20	Tpos:87.1,Tstd:51.2,Bpos:86.2,Bstd:120.5,StrandBias:10.0,Multiplicity:1.01
0.001	0.015	0.864	0.120
0.001	0.889	0.109	0.001
0.009	0.079	0.105	0.807
0.001	0.838	0.101	0.060
0.241	0.064	0.694	0.001
0.001	0.294	0.585	0.120
0.001	0.078	0.030	0.891
0.001	0.997	0.001	0.001
0.052	0.001	0.833	0.114
0.001	0.539	0.459	0.001
>ATCGGCGCCG	9-ATCGGCGCCG	7.234769	-46.115277	0	T:149.0(4.75%),B:372.4(1.81%),P:1e-20	Tpos:104.5,Tstd:68.7,Bpos:78.7,Bstd:136.9,StrandBias:10.0,Multiplicity:1.05
0.597	0.147	0.132	0.124
0.094	0.138	0.069	0.699
0.038	0.850	0.030	0.082
0.066	0.085	0.821	0.028
0.066	0.028	0.890	0.016
0.081	0.797	0.105	0.017
0.044	0.098	0.743	0.115
0.066	0.830	0.060	0.044
0.012	0.899	0.007	0.082
0.077	0.025	0.882	0.016
>CTGCGGCTGT	10-CTGCGGCTGT	7.253633	-45.483145	0	T:176.0(5.61%),B:488.0(2.38%),P:1e-19	Tpos:83.0,Tstd:45.7,Bpos:93.5,Bstd:134.8,StrandBias:10.0,Multiplicity:1.03
0.068	0.794	0.087	0.051
0.071	0.067	0.125	0.737
0.035	0.033	0.812	0.120
0.032	0.819	0.079	0.070
0.043	0.096	0.773	0.088
0.091	0.091	0.787	0.031
0.030	0.868	0.044	0.058
0.060	0.030	0.041	0.869
0.022	0.132	0.770	0.076
0.110	0.075	0.039	0.776
>GCMGTTGAAM	11-GCMGTTGAAM	8.419555	-44.181738	0	T:41.0(1.31%),B:26.3(0.13%),P:1e-19	Tpos:76.0,Tstd:52.9,Bpos:94.2,Bstd:63.6,StrandBias:10.0,Multiplicity:1.05
0.037	0.059	0.879	0.025
0.144	0.736	0.096	0.024
0.395	0.523	0.025	0.057
0.059	0.214	0.724	0.003
0.084	0.025	0.164	0.727
0.035	0.035	0.293	0.637
0.347	0.001	0.593	0.059
0.808	0.035	0.122	0.035
0.668	0.259	0.070	0.003
0.528	0.435	0.036	0.001
>TGTAGCGGTT	12-TGTAGCGGTT	8.230569	-42.785687	0	T:51.0(1.63%),B:50.5(0.25%),P:1e-18	Tpos:91.4,Tstd:76.0,Bpos:89.5,Bstd:83.4,StrandBias:10.0,Multiplicity:1.00
0.001	0.099	0.337	0.563
0.001	0.147	0.851	0.001
0.001	0.012	0.068	0.919
0.612	0.386	0.001	0.001
0.099	0.001	0.899	0.001
0.101	0.402	0.249	0.248
0.079	0.001	0.919	0.001
0.001	0.001	0.899	0.099
0.001	0.118	0.001	0.880
0.001	0.169	0.102	0.728
>GCGGGWGTAA	13-GCGGGWGTAA	9.728622	-41.059459	0	T:25.0(0.80%),B:4.3(0.02%),P:1e-17	Tpos:81.0,Tstd:49.3,Bpos:114.8,Bstd:29.4,StrandBias:10.0,Multiplicity:1.00
0.001	0.027	0.971	0.001
0.072	0.926	0.001	0.001
0.001	0.001	0.997	0.001
0.001	0.001	0.944	0.054
0.001	0.001	0.851	0.147
0.480	0.148	0.001	0.371
0.001	0.001	0.997	0.001
0.008	0.008	0.001	0.983
0.971	0.001	0.027	0.001
0.851	0.147	0.001	0.001
>CCGCCCGTCC	14-CCGCCCGTCC	7.653278	-39.335826	0	T:185.0(5.90%),B:565.7(2.76%),P:1e-17	Tpos:77.8,Tstd:56.7,Bpos:87.6,Bstd:143.2,StrandBias:10.0,Multiplicity:1.14
0.001	0.853	0.071	0.075
0.080	0.772	0.147	0.001
0.001	0.072	0.880	0.047
0.074	0.648	0.072	0.206
0.001	0.938	0.001	0.060
0.001	0.702	0.155	0.142
0.263	0.068	0.476	0.193
0.001	0.175	0.123	0.701
0.001	0.921	0.004	0.074
0.001	0.948	0.050	0.001
>CGGCAAGCCG	15-CGGCAAGCCG	7.850382	-39.259352	0	T:28.0(0.89%),B:9.0(0.04%),P:1e-17	Tpos:97.5,Tstd:43.9,Bpos:167.7,Bstd:45.5,StrandBias:10.0,Multiplicity:1.00
0.001	0.997	0.001	0.001
0.001	0.001	0.997	0.001
0.001	0.032	0.966	0.001
0.347	0.651	0.001	0.001
0.608	0.001	0.120	0.271
0.997	0.001	0.001	0.001
0.001	0.001	0.997	0.001
0.001	0.997	0.001	0.001
0.001	0.997	0.001	0.001
0.001	0.001	0.997	0.001
>CTCTTTGCAG	16-CTCTTTGCAG	6.807571	-38.972781	0	T:230.0(7.33%),B:775.4(3.78%),P:1e-16	Tpos:98.7,Tstd:108.3,Bpos:88.5,Bstd:85.6,StrandBias:10.0,Multiplicity:1.03
0.062	0.749	0.091	0.098
0.060	0.123	0.035	0.782
0.018	0.780	0.077	0.125
0.063	0.039	0.068	0.830
0.057	0.072	0.110	0.761
0.034	0.087	0.094	0.785
0.036	0.101	0.762	0.101
0.045	0.902	0.045	0.008
0.793	0.061	0.089	0.057
0.008	0.060	0.864	0.068
>GCAGGACGGC	17-GCAGGACGGC	9.854778	-36.718114	0	T:32.0(1.02%),B:18.7(0.09%),P:1e-15	Tpos:84.4,Tstd:39.6,Bpos:109.6,Bstd:73.6,StrandBias:10.0,Multiplicity:1.00
0.001	0.001	0.945	0.053
0.001	0.945	0.053	0.001
0.810	0.027	0.001	0.162
0.053	0.001	0.945	0.001
0.001	0.001	0.997	0.001
0.962	0.036	0.001	0.001
0.001	0.918	0.080	0.001
0.127	0.001	0.835	0.037
0.021	0.001	0.977	0.001
0.054	0.739	0.037	0.170
>AAGTGAAGAA	18-AAGTGAAGAA	10.282446	-35.847696	0	T:45.0(1.43%),B:48.1(0.23%),P:1e-15	Tpos:76.9,Tstd:77.2,Bpos:97.3,Bstd:41.6,StrandBias:10.0,Multiplicity:1.00
0.997	0.001	0.001	0.001
0.997	0.001	0.001	0.001
0.001	0.001	0.997	0.001
0.370	0.001	0.001	0.628
0.001	0.001	0.997	0.001
0.906	0.001	0.092	0.001
0.997	0.001	0.001	0.001
0.388	0.001	0.610	0.001
0.931	0.001	0.001	0.067
0.862	0.136	0.001	0.001
>GAACCGCGGC	19-GAACCGCGGC	8.531658	-32.092019	0	T:28.0(0.89%),B:17.0(0.08%),P:1e-13	Tpos:82.5,Tstd:45.0,Bpos:98.0,Bstd:60.6,StrandBias:10.0,Multiplicity:1.04
0.001	0.001	0.997	0.001
0.833	0.001	0.083	0.083
0.916	0.001	0.001	0.082
0.123	0.875	0.001	0.001
0.081	0.876	0.001	0.042
0.083	0.001	0.833	0.083
0.001	0.916	0.001	0.082
0.082	0.001	0.916	0.001
0.082	0.001	0.916	0.001
0.001	0.997	0.001	0.001
>GCGACCCGCT	20-GCGACCCGCT	10.999220	-31.194888	0	T:22.0(0.70%),B:7.2(0.03%),P:1e-13	Tpos:100.6,Tstd:55.2,Bpos:13.0,Bstd:15.4,StrandBias:10.0,Multiplicity:1.00
0.001	0.001	0.997	0.001
0.001	0.997	0.001	0.001
0.001	0.001	0.997	0.001
0.769	0.077	0.077	0.077
0.001	0.997	0.001	0.001
0.076	0.922	0.001	0.001
0.001	0.997	0.001	0.001
0.001	0.001	0.997	0.001
0.001	0.997	0.001	0.001
0.001	0.001	0.001	0.997
>CGCAGTAGGT	21-CGCAGTAGGT	7.338999	-30.876525	0	T:25.0(0.80%),B:12.7(0.06%),P:1e-13	Tpos:75.8,Tstd:59.4,Bpos:79.5,Bstd:53.4,StrandBias:10.0,Multiplicity:1.00
0.146	0.576	0.146	0.132
0.115	0.132	0.605	0.148
0.120	0.609	0.170	0.101
0.602	0.121	0.127	0.150
0.095	0.115	0.683	0.107
0.146	0.176	0.159	0.519
0.560	0.135	0.165	0.140
0.115	0.107	0.651	0.127
0.123	0.155	0.610	0.112
0.137	0.142	0.138	0.583
>CGTACCCATA	22-CGTACCCATA	11.523267	-28.310956	0	T:14.0(0.45%),B:0.0(0.00%),P:1e-12	Tpos:81.6,Tstd:68.2,Bpos:0.0,Bstd:0.0,StrandBias:10.0,Multiplicity:1.00
0.001	0.997	0.001	0.001
0.001	0.001	0.997	0.001
0.001	0.001	0.099	0.899
0.997	0.001	0.001	0.001
0.001	0.997	0.001	0.001
0.001	0.997	0.001	0.001
0.001	0.997	0.001	0.001
0.997	0.001	0.001	0.001
0.001	0.001	0.001	0.997
0.997	0.001	0.001	0.001
>CACGCGYGWG	23-CACGCGYGWG	5.368446	-24.661143	0	T:59.0(1.88%),B:123.3(0.60%),P:1e-10	Tpos:98.8,Tstd:81.4,Bpos:85.6,Bstd:101.6,StrandBias:10.0,Multiplicity:1.12
0.001	0.997	0.001	0.001
0.664	0.001	0.334	0.001
0.001	0.997	0.001	0.001
0.001	0.001	0.997	0.001
0.001	0.962	0.001	0.036
0.001	0.001	0.772	0.226
0.017	0.497	0.001	0.486
0.001	0.001	0.948	0.050
0.494	0.008	0.001	0.497
0.001	0.001	0.997	0.001
>GACGASGAGS	24-GACGASGAGS	7.905800	-23.672432	0	T:150.0(4.78%),B:523.7(2.55%),P:1e-10	Tpos:89.9,Tstd:56.2,Bpos:85.9,Bstd:99.3,StrandBias:10.0,Multiplicity:1.14
0.073	0.249	0.677	0.001
0.739	0.001	0.194	0.066
0.073	0.655	0.271	0.001
0.050	0.111	0.838	0.001
0.754	0.001	0.196	0.049
0.001	0.457	0.541	0.001
0.001	0.084	0.842	0.073
0.724	0.001	0.078	0.197
0.001	0.060	0.938	0.001
0.066	0.361	0.485	0.088
>GGCGCATCGG	25-GGCGCATCGG	7.184787	-20.045365	0	T:21.0(0.67%),B:18.4(0.09%),P:1e-8	Tpos:96.9,Tstd:50.1,Bpos:160.0,Bstd:119.5,StrandBias:10.0,Multiplicity:1.06
0.121	0.125	0.636	0.118
0.117	0.150	0.621	0.112
0.132	0.583	0.159	0.126
0.141	0.136	0.581	0.142
0.114	0.650	0.131	0.105
0.557	0.169	0.143	0.131
0.123	0.161	0.185	0.531
0.114	0.603	0.155	0.128
0.129	0.144	0.599	0.128
0.126	0.119	0.638	0.117
