>GGGTTCGATTC	1-GGGTTCGATTC	7.940604	-75.073929	0	T:80.0(2.55%),B:64.7(0.32%),P:1e-32	Tpos:106.2,Tstd:83.1,Bpos:86.8,Bstd:113.2,StrandBias:10.0,Multiplicity:1.01
0.046	0.001	0.857	0.096
0.047	0.093	0.813	0.047
0.001	0.001	0.952	0.046
0.185	0.001	0.001	0.813
0.046	0.093	0.001	0.860
0.001	0.860	0.046	0.093
0.280	0.001	0.718	0.001
0.907	0.001	0.046	0.046
0.191	0.139	0.099	0.571
0.001	0.189	0.093	0.717
0.046	0.952	0.001	0.001
>GGGCGCDRAAC	2-GGGCGCDRAAC	10.466336	-61.430614	0	T:32.0(1.02%),B:1.1(0.01%),P:1e-26	Tpos:121.7,Tstd:43.4,Bpos:79.3,Bstd:28.2,StrandBias:10.0,Multiplicity:1.00
0.136	0.001	0.533	0.330
0.001	0.001	0.997	0.001
0.001	0.001	0.866	0.132
0.001	0.997	0.001	0.001
0.001	0.315	0.677	0.007
0.001	0.995	0.001	0.003
0.270	0.137	0.324	0.270
0.550	0.001	0.448	0.001
0.593	0.133	0.273	0.001
0.687	0.001	0.311	0.001
0.001	0.995	0.001	0.003
>CGGCSVWGCGR	3-CGGCSVWGCGR	7.952908	-58.377224	0	T:114.0(3.63%),B:195.5(0.95%),P:1e-25	Tpos:83.6,Tstd:60.2,Bpos:79.1,Bstd:88.3,StrandBias:10.0,Multiplicity:1.00
0.180	0.714	0.105	0.001
0.262	0.136	0.578	0.024
0.001	0.022	0.954	0.023
0.224	0.709	0.022	0.045
0.001	0.474	0.480	0.044
0.307	0.400	0.271	0.022
0.445	0.149	0.089	0.317
0.001	0.090	0.598	0.311
0.179	0.797	0.023	0.001
0.001	0.090	0.842	0.067
0.428	0.023	0.482	0.067
>CGTGGGGACCC	4-CGTGGGGACCC	9.679914	-57.093346	0	T:56.0(1.78%),B:39.2(0.19%),P:1e-24	Tpos:90.7,Tstd:52.0,Bpos:87.2,Bstd:67.1,StrandBias:10.0,Multiplicity:1.07
0.084	0.756	0.084	0.076
0.021	0.203	0.735	0.041
0.001	0.073	0.062	0.864
0.001	0.041	0.957	0.001
0.001	0.083	0.819	0.097
0.062	0.043	0.894	0.001
0.020	0.118	0.861	0.001
0.681	0.035	0.180	0.104
0.027	0.726	0.226	0.021
0.076	0.842	0.041	0.041
0.050	0.873	0.021	0.056
>HGASCCGCTCC	5-HGASCCGCTCC	8.254392	-54.375843	0	T:33.0(1.05%),B:5.6(0.03%),P:1e-23	Tpos:123.3,Tstd:57.8,Bpos:72.5,Bstd:67.5,StrandBias:10.0,Multiplicity:1.00
0.405	0.264	0.037	0.294
0.001	0.357	0.511	0.131
0.476	0.319	0.019	0.186
0.012	0.551	0.436	0.001
0.001	0.669	0.329	0.001
0.389	0.579	0.001	0.031
0.163	0.001	0.637	0.199
0.001	0.997	0.001	0.001
0.013	0.263	0.206	0.518
0.056	0.582	0.243	0.119
0.230	0.463	0.019	0.288
>GCSGCSGCSGC	6-GCSGCSGCSGC	7.542160	-54.188375	0	T:457.0(14.56%),B:1760.7(8.58%),P:1e-23	Tpos:86.0,Tstd:57.3,Bpos:81.8,Bstd:166.3,StrandBias:10.0,Multiplicity:1.53
0.001	0.270	0.724	0.005
0.097	0.670	0.151	0.082
0.209	0.316	0.446	0.028
0.001	0.027	0.971	0.001
0.008	0.990	0.001	0.001
0.120	0.384	0.427	0.069
0.001	0.162	0.836	0.001
0.117	0.680	0.118	0.085
0.138	0.406	0.428	0.027
0.027	0.344	0.616	0.013
0.154	0.557	0.231	0.058
>TAGCTCAGTCG	7-TAGCTCAGTCG	9.429125	-48.759458	0	T:40.0(1.27%),B:19.8(0.10%),P:1e-21	Tpos:67.2,Tstd:37.8,Bpos:91.4,Bstd:51.1,StrandBias:10.0,Multiplicity:1.02
0.001	0.001	0.097	0.901
0.528	0.047	0.376	0.049
0.001	0.001	0.997	0.001
0.094	0.608	0.249	0.049
0.047	0.001	0.330	0.622
0.001	0.900	0.098	0.001
0.798	0.047	0.061	0.094
0.236	0.001	0.715	0.048
0.001	0.002	0.315	0.682
0.142	0.421	0.197	0.240
0.001	0.189	0.729	0.081
>CGGMAAGCCGG	8-CGGMAAGCCGG	11.332073	-46.539588	0	T:23.0(0.73%),B:0.5(0.00%),P:1e-20	Tpos:88.7,Tstd:39.8,Bpos:34.0,Bstd:0.0,StrandBias:10.0,Multiplicity:1.00
0.001	0.997	0.001	0.001
0.001	0.001	0.997	0.001
0.001	0.001	0.997	0.001
0.447	0.551	0.001	0.001
0.685	0.001	0.078	0.236
0.997	0.001	0.001	0.001
0.001	0.001	0.997	0.001
0.001	0.997	0.001	0.001
0.054	0.867	0.078	0.001
0.001	0.001	0.997	0.001
0.001	0.001	0.997	0.001
>CCTGTCGCCGC	9-CCTGTCGCCGC	8.832234	-43.613769	0	T:79.0(2.52%),B:127.3(0.62%),P:1e-18	Tpos:90.1,Tstd:60.1,Bpos:76.9,Bstd:98.1,StrandBias:10.0,Multiplicity:1.00
0.025	0.732	0.168	0.075
0.025	0.900	0.050	0.025
0.075	0.101	0.127	0.697
0.025	0.051	0.899	0.025
0.076	0.050	0.143	0.731
0.050	0.733	0.116	0.101
0.025	0.029	0.896	0.050
0.050	0.924	0.001	0.025
0.075	0.825	0.075	0.025
0.026	0.125	0.848	0.001
0.001	0.832	0.117	0.050
>AGCGGCGGCGG	10-AGCGGCGGCGG	8.937230	-41.717807	0	T:149.0(4.75%),B:395.2(1.93%),P:1e-18	Tpos:84.7,Tstd:46.0,Bpos:92.0,Bstd:126.7,StrandBias:10.0,Multiplicity:1.02
0.910	0.021	0.040	0.029
0.001	0.001	0.958	0.040
0.024	0.858	0.030	0.088
0.107	0.041	0.769	0.083
0.001	0.058	0.892	0.049
0.077	0.696	0.097	0.130
0.166	0.041	0.722	0.071
0.091	0.069	0.839	0.001
0.068	0.754	0.069	0.109
0.116	0.001	0.698	0.185
0.001	0.023	0.935	0.041
>AKGTGAACAGC	11-AKGTGAACAGC	11.621618	-41.512325	0	T:22.0(0.70%),B:1.3(0.01%),P:1e-18	Tpos:74.9,Tstd:30.1,Bpos:91.9,Bstd:8.5,StrandBias:10.0,Multiplicity:1.09
0.997	0.001	0.001	0.001
0.001	0.001	0.443	0.555
0.001	0.001	0.997	0.001
0.001	0.001	0.001	0.997
0.001	0.001	0.943	0.055
0.997	0.001	0.001	0.001
0.997	0.001	0.001	0.001
0.055	0.943	0.001	0.001
0.997	0.001	0.001	0.001
0.001	0.001	0.997	0.001
0.055	0.943	0.001	0.001
>CGGGASGTACC	12-CGGGASGTACC	10.346346	-40.460873	0	T:20.0(0.64%),B:0.9(0.00%),P:1e-17	Tpos:72.3,Tstd:60.6,Bpos:113.3,Bstd:16.9,StrandBias:10.0,Multiplicity:1.00
0.001	0.930	0.068	0.001
0.069	0.001	0.861	0.069
0.068	0.001	0.930	0.001
0.069	0.001	0.861	0.069
0.764	0.166	0.001	0.069
0.138	0.380	0.414	0.069
0.001	0.071	0.927	0.001
0.001	0.206	0.069	0.724
0.793	0.069	0.069	0.069
0.001	0.861	0.137	0.001
0.001	0.997	0.001	0.001
>GTAAATCTCGC	13-GTAAATCTCGC	11.305912	-38.435192	0	T:19.0(0.61%),B:0.2(0.00%),P:1e-16	Tpos:65.9,Tstd:61.3,Bpos:82.0,Bstd:0.0,StrandBias:10.0,Multiplicity:1.00
0.001	0.001	0.997	0.001
0.001	0.142	0.001	0.856
0.997	0.001	0.001	0.001
0.997	0.001	0.001	0.001
0.928	0.001	0.001	0.070
0.001	0.001	0.356	0.642
0.001	0.997	0.001	0.001
0.001	0.001	0.001	0.997
0.001	0.997	0.001	0.001
0.001	0.001	0.928	0.070
0.001	0.997	0.001	0.001
>TGAGAAGGGTT	14-TGAGAAGGGTT	9.683153	-38.008817	0	T:45.0(1.43%),B:44.8(0.22%),P:1e-16	Tpos:74.8,Tstd:45.9,Bpos:84.9,Bstd:91.1,StrandBias:10.0,Multiplicity:1.00
0.001	0.001	0.177	0.821
0.001	0.001	0.997	0.001
0.927	0.001	0.001	0.071
0.002	0.001	0.996	0.001
0.506	0.138	0.250	0.106
0.597	0.114	0.178	0.111
0.105	0.001	0.893	0.001
0.001	0.001	0.997	0.001
0.001	0.123	0.787	0.089
0.001	0.253	0.001	0.745
0.001	0.001	0.273	0.725
>GCCCGTCACGS	15-GCCCGTCACGS	12.120557	-37.557244	0	T:24.0(0.76%),B:5.7(0.03%),P:1e-16	Tpos:85.0,Tstd:31.3,Bpos:122.0,Bstd:0.0,StrandBias:10.0,Multiplicity:1.00
0.001	0.001	0.997	0.001
0.001	0.997	0.001	0.001
0.001	0.997	0.001	0.001
0.001	0.661	0.001	0.337
0.001	0.001	0.997	0.001
0.001	0.307	0.174	0.518
0.001	0.997	0.001	0.001
0.997	0.001	0.001	0.001
0.001	0.997	0.001	0.001
0.001	0.001	0.845	0.153
0.001	0.538	0.460	0.001
>AGCCAGATGCC	16-AGCCAGATGCC	8.817344	-37.165800	0	T:55.0(1.75%),B:72.5(0.35%),P:1e-16	Tpos:82.2,Tstd:64.3,Bpos:113.8,Bstd:136.6,StrandBias:10.0,Multiplicity:1.00
0.736	0.088	0.044	0.132
0.066	0.066	0.801	0.067
0.089	0.849	0.040	0.022
0.044	0.911	0.044	0.001
0.844	0.110	0.015	0.031
0.093	0.066	0.840	0.001
0.785	0.060	0.088	0.067
0.057	0.103	0.160	0.680
0.074	0.045	0.793	0.088
0.059	0.875	0.022	0.044
0.059	0.896	0.001	0.044
>HGCAGTARGKC	17-HGCAGTARGKC	9.323180	-32.423815	0	T:35.0(1.12%),B:30.3(0.15%),P:1e-14	Tpos:62.0,Tstd:46.6,Bpos:111.7,Bstd:173.8,StrandBias:10.0,Multiplicity:1.00
0.326	0.342	0.001	0.331
0.001	0.001	0.997	0.001
0.001	0.997	0.001	0.001
0.833	0.001	0.001	0.165
0.001	0.001	0.997	0.001
0.080	0.086	0.104	0.730
0.915	0.001	0.083	0.001
0.400	0.001	0.514	0.085
0.001	0.160	0.672	0.167
0.080	0.006	0.405	0.509
0.005	0.745	0.249	0.001
>GCCGTTCMVAA	18-GCCGTTCMVAA	9.974398	-31.737612	0	T:23.0(0.73%),B:8.9(0.04%),P:1e-13	Tpos:91.5,Tstd:56.3,Bpos:82.1,Bstd:23.3,StrandBias:10.0,Multiplicity:1.00
0.001	0.134	0.864	0.001
0.005	0.993	0.001	0.001
0.001	0.863	0.001	0.135
0.064	0.391	0.544	0.001
0.001	0.135	0.001	0.863
0.001	0.193	0.129	0.677
0.001	0.612	0.386	0.001
0.452	0.464	0.001	0.084
0.387	0.259	0.276	0.077
0.530	0.334	0.135	0.001
0.853	0.145	0.001	0.001
>AGTCGGAATCC	19-AGTCGGAATCC	10.270915	-29.509195	0	T:17.0(0.54%),B:2.0(0.01%),P:1e-12	Tpos:85.1,Tstd:32.9,Bpos:82.4,Bstd:24.2,StrandBias:10.0,Multiplicity:1.00
0.805	0.001	0.146	0.048
0.048	0.146	0.805	0.001
0.049	0.051	0.098	0.802
0.001	0.657	0.243	0.099
0.108	0.001	0.794	0.097
0.145	0.001	0.853	0.001
0.804	0.049	0.098	0.049
0.854	0.001	0.048	0.097
0.001	0.048	0.048	0.903
0.001	0.950	0.001	0.048
0.049	0.804	0.049	0.098
>CCGCCACCCTC	20-CCGCCACCCTC	11.107033	-25.717526	0	T:64.0(2.04%),B:137.5(0.67%),P:1e-11	Tpos:86.5,Tstd:55.8,Bpos:88.9,Bstd:136.0,StrandBias:10.0,Multiplicity:1.02
0.001	0.997	0.001	0.001
0.001	0.997	0.001	0.001
0.403	0.001	0.595	0.001
0.001	0.997	0.001	0.001
0.001	0.997	0.001	0.001
0.642	0.001	0.356	0.001
0.001	0.997	0.001	0.001
0.001	0.997	0.001	0.001
0.254	0.456	0.001	0.289
0.001	0.259	0.217	0.523
0.001	0.997	0.001	0.001
>CCGAGTCGGCG	21-CCGAGTCGGCG	8.769969	-25.301394	0	T:26.0(0.83%),B:21.7(0.11%),P:1e-10	Tpos:65.7,Tstd:47.4,Bpos:92.7,Bstd:35.0,StrandBias:10.0,Multiplicity:1.00
0.034	0.784	0.136	0.046
0.084	0.624	0.155	0.137
0.070	0.064	0.810	0.056
0.691	0.110	0.131	0.068
0.061	0.111	0.801	0.027
0.106	0.177	0.106	0.611
0.046	0.749	0.136	0.069
0.086	0.159	0.700	0.055
0.037	0.134	0.764	0.065
0.117	0.664	0.143	0.076
0.061	0.077	0.805	0.057
>TGTGATTTCTG	22-TGTGATTTCTG	12.906556	-24.263207	0	T:12.0(0.38%),B:1.0(0.00%),P:1e-10	Tpos:53.8,Tstd:38.3,Bpos:120.3,Bstd:7.0,StrandBias:10.0,Multiplicity:1.00
0.001	0.001	0.001	0.997
0.001	0.001	0.997	0.001
0.001	0.001	0.001	0.997
0.001	0.001	0.997	0.001
0.997	0.001	0.001	0.001
0.001	0.001	0.001	0.997
0.001	0.001	0.001	0.997
0.001	0.001	0.001	0.997
0.099	0.899	0.001	0.001
0.001	0.001	0.001	0.997
0.001	0.001	0.997	0.001
>CCCGTCCRTCC	23-CCCGTCCRTCC	10.570509	-24.260384	0	T:18.0(0.57%),B:7.5(0.04%),P:1e-10	Tpos:55.0,Tstd:40.4,Bpos:81.6,Bstd:30.3,StrandBias:10.0,Multiplicity:1.00
0.001	0.819	0.001	0.179
0.001	0.796	0.202	0.001
0.001	0.997	0.001	0.001
0.001	0.420	0.578	0.001
0.001	0.001	0.001	0.997
0.001	0.997	0.001	0.001
0.001	0.997	0.001	0.001
0.544	0.001	0.454	0.001
0.001	0.001	0.001	0.997
0.001	0.997	0.001	0.001
0.001	0.997	0.001	0.001
>GCGCCACGCGC	24-GCGCCACGCGC	9.059962	-23.039270	0	T:33.0(1.05%),B:43.5(0.21%),P:1e-10	Tpos:90.7,Tstd:48.5,Bpos:101.1,Bstd:136.2,StrandBias:10.0,Multiplicity:1.15
0.055	0.145	0.711	0.089
0.068	0.773	0.113	0.046
0.079	0.080	0.727	0.114
0.053	0.804	0.077	0.066
0.061	0.787	0.108	0.044
0.542	0.184	0.191	0.083
0.093	0.710	0.118	0.079
0.058	0.107	0.766	0.069
0.094	0.702	0.122	0.082
0.063	0.113	0.688	0.136
0.041	0.793	0.134	0.032
>AGCGTCGCGCT	25-AGCGTCGCGCT	9.379902	-22.239749	0	T:11.0(0.35%),B:0.0(0.00%),P:1e-9	Tpos:72.3,Tstd:45.4,Bpos:0.0,Bstd:0.0,StrandBias:10.0,Multiplicity:1.00
0.700	0.100	0.100	0.100
0.100	0.100	0.700	0.100
0.100	0.700	0.100	0.100
0.100	0.100	0.700	0.100
0.100	0.100	0.100	0.700
0.100	0.700	0.100	0.100
0.100	0.100	0.700	0.100
0.100	0.700	0.100	0.100
0.100	0.100	0.700	0.100
0.100	0.700	0.100	0.100
0.100	0.100	0.100	0.700
