>GGTAAG	1-GGTAAG	5.446572	-102.608110	0	T:601.0(19.15%),B:2056.4(10.02%),P:1e-44	Tpos:111.2,Tstd:71.9,Bpos:89.0,Bstd:104.0,StrandBias:10.0,Multiplicity:1.06
0.001	0.001	0.997	0.001
0.001	0.001	0.997	0.001
0.001	0.001	0.001	0.997
0.623	0.001	0.375	0.001
0.906	0.001	0.001	0.092
0.001	0.001	0.997	0.001
>CGATGA	2-CGATGA	5.120280	-68.882910	0	T:619.0(19.73%),B:2452.8(11.95%),P:1e-29	Tpos:87.0,Tstd:66.8,Bpos:84.1,Bstd:105.8,StrandBias:10.0,Multiplicity:1.22
0.001	0.732	0.001	0.266
0.103	0.032	0.801	0.064
0.934	0.064	0.001	0.001
0.001	0.173	0.193	0.633
0.020	0.001	0.965	0.014
0.950	0.032	0.001	0.017
>CGTTCG	3-CGTTCG	4.377699	-59.161211	0	T:526.0(16.76%),B:2066.3(10.07%),P:1e-25	Tpos:87.1,Tstd:56.7,Bpos:81.7,Bstd:103.4,StrandBias:10.0,Multiplicity:1.19
0.001	0.637	0.294	0.068
0.073	0.001	0.925	0.001
0.001	0.090	0.001	0.908
0.073	0.045	0.001	0.881
0.060	0.842	0.097	0.001
0.049	0.060	0.860	0.031
>GGTACC	4-GGTACC	4.294196	-58.401876	0	T:843.0(26.86%),B:3813.6(18.58%),P:1e-25	Tpos:91.0,Tstd:74.1,Bpos:91.2,Bstd:102.3,StrandBias:10.0,Multiplicity:1.17
0.043	0.092	0.864	0.001
0.052	0.135	0.812	0.001
0.071	0.001	0.001	0.927
0.785	0.001	0.001	0.213
0.044	0.772	0.129	0.055
0.086	0.912	0.001	0.001
>CGKCGS	5-CGKCGS	3.908685	-48.788056	0	T:1036.0(33.01%),B:5091.3(24.80%),P:1e-21	Tpos:88.6,Tstd:68.8,Bpos:85.9,Bstd:180.6,StrandBias:10.0,Multiplicity:2.54
0.085	0.831	0.063	0.021
0.138	0.053	0.754	0.055
0.088	0.224	0.277	0.411
0.108	0.791	0.050	0.051
0.040	0.137	0.822	0.001
0.208	0.294	0.397	0.101
>TGACTG	6-TGACTG	5.144211	-47.152308	0	T:762.0(24.28%),B:3514.7(17.12%),P:1e-20	Tpos:94.3,Tstd:76.9,Bpos:87.2,Bstd:95.1,StrandBias:10.0,Multiplicity:1.20
0.001	0.001	0.134	0.864
0.134	0.001	0.864	0.001
0.997	0.001	0.001	0.001
0.001	0.714	0.160	0.125
0.001	0.079	0.001	0.919
0.001	0.001	0.997	0.001
>AGCAGC	7-AGCAGC	4.621736	-44.431000	0	T:719.0(22.91%),B:3310.9(16.13%),P:1e-19	Tpos:94.8,Tstd:86.4,Bpos:88.6,Bstd:117.3,StrandBias:10.0,Multiplicity:1.31
0.997	0.001	0.001	0.001
0.159	0.001	0.839	0.001
0.001	0.997	0.001	0.001
0.840	0.001	0.158	0.001
0.001	0.001	0.997	0.001
0.001	0.997	0.001	0.001
>TGGACA	8-TGGACA	5.169910	-44.123762	0	T:786.0(25.05%),B:3699.9(18.02%),P:1e-19	Tpos:96.9,Tstd:91.4,Bpos:94.2,Bstd:108.8,StrandBias:10.0,Multiplicity:1.20
0.001	0.001	0.001	0.997
0.087	0.039	0.873	0.001
0.118	0.001	0.880	0.001
0.997	0.001	0.001	0.001
0.001	0.997	0.001	0.001
0.566	0.194	0.126	0.114
>TGCTRC	9-TGCTRC	4.241007	-41.878956	0	T:1164.0(37.09%),B:5994.7(29.20%),P:1e-18	Tpos:94.5,Tstd:94.9,Bpos:90.5,Bstd:105.2,StrandBias:10.0,Multiplicity:1.36
0.001	0.001	0.001	0.997
0.001	0.058	0.940	0.001
0.001	0.975	0.001	0.023
0.001	0.001	0.086	0.912
0.447	0.001	0.349	0.203
0.001	0.738	0.001	0.260
>AGTCGG	10-AGTCGG	5.581568	-35.144522	0	T:257.0(8.19%),B:939.2(4.58%),P:1e-15	Tpos:90.6,Tstd:52.3,Bpos:84.3,Bstd:101.1,StrandBias:10.0,Multiplicity:1.07
0.800	0.001	0.001	0.198
0.001	0.001	0.997	0.001
0.001	0.001	0.001	0.997
0.001	0.997	0.001	0.001
0.001	0.001	0.997	0.001
0.088	0.001	0.829	0.082
>WATCCG	11-WATCCG	7.508670	-31.404082	0	T:108.0(3.44%),B:282.1(1.37%),P:1e-13	Tpos:90.4,Tstd:62.8,Bpos:85.6,Bstd:94.7,StrandBias:10.0,Multiplicity:1.09
0.546	0.001	0.001	0.452
0.997	0.001	0.001	0.001
0.001	0.001	0.001	0.997
0.001	0.997	0.001	0.001
0.001	0.997	0.001	0.001
0.001	0.001	0.997	0.001
>CTCGGT	12-CTCGGT	7.125087	-23.949001	0	T:240.0(7.65%),B:971.7(4.73%),P:1e-10	Tpos:90.7,Tstd:69.9,Bpos:74.7,Bstd:98.4,StrandBias:10.0,Multiplicity:1.06
0.001	0.997	0.001	0.001
0.001	0.308	0.001	0.690
0.001	0.997	0.001	0.001
0.001	0.001	0.997	0.001
0.001	0.001	0.997	0.001
0.001	0.001	0.001	0.997
>TAGAGC	13-TAGAGC	6.647261	-23.405186	0	T:139.0(4.43%),B:473.0(2.30%),P:1e-10	Tpos:94.7,Tstd:131.2,Bpos:92.9,Bstd:109.9,StrandBias:10.0,Multiplicity:1.03
0.001	0.001	0.001	0.997
0.997	0.001	0.001	0.001
0.001	0.001	0.997	0.001
0.807	0.191	0.001	0.001
0.001	0.001	0.997	0.001
0.001	0.997	0.001	0.001
>GTACGA	14-GTACGA	6.177716	-9.812761	0	T:39.0(1.24%),B:117.2(0.57%),P:1e-4	Tpos:106.6,Tstd:94.0,Bpos:94.8,Bstd:87.8,StrandBias:10.0,Multiplicity:1.03
0.100	0.100	0.700	0.100
0.100	0.100	0.100	0.700
0.700	0.100	0.100	0.100
0.100	0.700	0.100	0.100
0.100	0.100	0.700	0.100
0.700	0.100	0.100	0.100
