>GGGTTCRATTCC	1-GGGTTCRATTCC	10.038637	-90.562801	0	T:65.0(2.07%),B:20.6(0.10%),P:1e-39	Tpos:111.3,Tstd:90.3,Bpos:98.4,Bstd:174.5,StrandBias:10.0,Multiplicity:1.00
0.060	0.001	0.814	0.125
0.001	0.001	0.997	0.001
0.001	0.001	0.997	0.001
0.181	0.060	0.001	0.758
0.060	0.060	0.001	0.879
0.060	0.818	0.121	0.001
0.425	0.001	0.573	0.001
0.879	0.001	0.060	0.060
0.188	0.121	0.069	0.622
0.001	0.185	0.121	0.693
0.001	0.997	0.001	0.001
0.001	0.997	0.001	0.001
>CCMAGGTGAACA	2-CCMAGGTGAACA	10.674017	-67.825875	0	T:39.0(1.24%),B:4.9(0.02%),P:1e-29	Tpos:86.4,Tstd:76.1,Bpos:126.4,Bstd:56.7,StrandBias:10.0,Multiplicity:1.03
0.001	0.818	0.001	0.180
0.001	0.912	0.086	0.001
0.521	0.374	0.001	0.104
0.981	0.001	0.017	0.001
0.001	0.001	0.818	0.180
0.001	0.001	0.997	0.001
0.001	0.001	0.001	0.997
0.086	0.001	0.912	0.001
0.634	0.364	0.001	0.001
0.997	0.001	0.001	0.001
0.086	0.912	0.001	0.001
0.912	0.086	0.001	0.001
>SCGGCGCCGCCG	3-SCGGCGCCGCCG	6.257934	-61.030113	0	T:622.0(19.82%),B:2554.6(12.44%),P:1e-26	Tpos:85.2,Tstd:58.8,Bpos:83.9,Bstd:184.3,StrandBias:10.0,Multiplicity:1.36
0.131	0.426	0.319	0.123
0.070	0.795	0.075	0.060
0.043	0.157	0.739	0.061
0.067	0.195	0.677	0.061
0.102	0.726	0.018	0.154
0.030	0.062	0.713	0.195
0.040	0.685	0.185	0.090
0.023	0.791	0.123	0.063
0.020	0.007	0.843	0.130
0.134	0.554	0.224	0.088
0.077	0.607	0.315	0.001
0.130	0.040	0.724	0.106
>TGGACATGGAAG	4-TGGACATGGAAG	11.715696	-46.539588	0	T:23.0(0.73%),B:1.0(0.00%),P:1e-20	Tpos:82.1,Tstd:32.9,Bpos:155.4,Bstd:63.4,StrandBias:10.0,Multiplicity:1.00
0.006	0.200	0.001	0.793
0.147	0.001	0.851	0.001
0.258	0.064	0.677	0.001
0.840	0.147	0.012	0.001
0.001	0.871	0.064	0.064
0.736	0.129	0.065	0.070
0.001	0.001	0.398	0.600
0.070	0.065	0.800	0.065
0.001	0.001	0.934	0.064
0.800	0.065	0.065	0.070
0.604	0.393	0.002	0.001
0.001	0.205	0.793	0.001
>TTCGTGGGGAAC	5-TTCGTGGGGAAC	7.796101	-44.834551	0	T:27.0(0.86%),B:4.1(0.02%),P:1e-19	Tpos:109.9,Tstd:48.5,Bpos:102.3,Bstd:23.0,StrandBias:10.0,Multiplicity:1.00
0.001	0.053	0.001	0.945
0.001	0.001	0.001	0.997
0.001	0.997	0.001	0.001
0.001	0.001	0.997	0.001
0.001	0.001	0.001	0.997
0.001	0.001	0.997	0.001
0.001	0.001	0.997	0.001
0.001	0.001	0.997	0.001
0.001	0.001	0.997	0.001
0.945	0.001	0.053	0.001
0.945	0.001	0.053	0.001
0.001	0.997	0.001	0.001
>TGCAGTACAGCA	6-TGCAGTACAGCA	10.410451	-43.718631	0	T:29.0(0.92%),B:8.0(0.04%),P:1e-18	Tpos:110.9,Tstd:113.0,Bpos:87.2,Bstd:25.6,StrandBias:10.0,Multiplicity:1.03
0.162	0.001	0.108	0.729
0.001	0.001	0.891	0.107
0.001	0.945	0.053	0.001
0.891	0.001	0.001	0.107
0.108	0.054	0.730	0.108
0.111	0.054	0.108	0.727
0.945	0.001	0.001	0.053
0.054	0.891	0.054	0.001
0.837	0.054	0.001	0.108
0.054	0.054	0.784	0.108
0.054	0.889	0.001	0.056
0.781	0.001	0.162	0.056
>SGCGGCSGCSSC	7-SGCGGCSGCSSC	8.145321	-43.122376	0	T:421.0(13.42%),B:1692.9(8.25%),P:1e-18	Tpos:87.8,Tstd:57.8,Bpos:80.1,Bstd:155.7,StrandBias:10.0,Multiplicity:1.50
0.107	0.434	0.401	0.058
0.026	0.369	0.604	0.001
0.083	0.603	0.313	0.001
0.123	0.348	0.528	0.001
0.001	0.365	0.633	0.001
0.077	0.921	0.001	0.001
0.088	0.407	0.471	0.033
0.001	0.280	0.718	0.001
0.071	0.616	0.312	0.001
0.086	0.491	0.412	0.010
0.001	0.457	0.541	0.001
0.061	0.566	0.334	0.039
>TGCAKGCCGAVG	8-TGCAKGCCGAVG	11.235969	-40.460873	0	T:20.0(0.64%),B:0.8(0.00%),P:1e-17	Tpos:66.3,Tstd:51.8,Bpos:75.9,Bstd:12.6,StrandBias:10.0,Multiplicity:1.00
0.222	0.096	0.084	0.598
0.328	0.008	0.580	0.084
0.220	0.778	0.001	0.001
0.823	0.085	0.005	0.087
0.001	0.001	0.502	0.496
0.006	0.006	0.987	0.001
0.002	0.908	0.088	0.002
0.004	0.992	0.002	0.002
0.141	0.087	0.771	0.001
0.741	0.167	0.088	0.004
0.340	0.328	0.330	0.002
0.002	0.166	0.830	0.002
>SCTGTTGRCTTT	9-SCTGTTGRCTTT	10.010989	-40.454452	0	T:41.0(1.31%),B:31.5(0.15%),P:1e-17	Tpos:92.0,Tstd:36.9,Bpos:93.9,Bstd:33.4,StrandBias:10.0,Multiplicity:1.05
0.115	0.332	0.432	0.120
0.001	0.997	0.001	0.001
0.001	0.001	0.001	0.997
0.001	0.001	0.997	0.001
0.001	0.001	0.228	0.770
0.414	0.001	0.001	0.584
0.001	0.001	0.997	0.001
0.441	0.001	0.449	0.109
0.001	0.649	0.109	0.241
0.001	0.001	0.001	0.997
0.001	0.001	0.331	0.667
0.183	0.132	0.001	0.684
>TTCAGCCCGTCC	10-TTCAGCCCGTCC	9.969985	-38.435192	0	T:19.0(0.61%),B:0.7(0.00%),P:1e-16	Tpos:61.1,Tstd:38.0,Bpos:32.9,Bstd:3.6,StrandBias:10.0,Multiplicity:1.00
0.001	0.001	0.329	0.669
0.001	0.001	0.001	0.997
0.001	0.997	0.001	0.001
0.814	0.051	0.001	0.134
0.001	0.134	0.864	0.001
0.001	0.662	0.001	0.336
0.001	0.997	0.001	0.001
0.001	0.847	0.151	0.001
0.001	0.001	0.997	0.001
0.001	0.001	0.001	0.997
0.001	0.997	0.001	0.001
0.001	0.997	0.001	0.001
>RTAGCTCAGTKG	11-RTAGCTCAGTKG	8.073821	-36.930021	0	T:28.0(0.89%),B:11.5(0.06%),P:1e-16	Tpos:61.8,Tstd:39.0,Bpos:132.1,Bstd:154.0,StrandBias:10.0,Multiplicity:1.04
0.507	0.012	0.358	0.123
0.001	0.001	0.001	0.997
0.993	0.001	0.005	0.001
0.001	0.117	0.881	0.001
0.001	0.997	0.001	0.001
0.001	0.001	0.117	0.881
0.001	0.997	0.001	0.001
0.997	0.001	0.001	0.001
0.001	0.001	0.997	0.001
0.001	0.117	0.235	0.647
0.001	0.153	0.358	0.488
0.001	0.001	0.997	0.001
>ATGGGCGAGCGC	12-ATGGGCGAGCGC	10.052954	-36.930021	0	T:28.0(0.89%),B:11.7(0.06%),P:1e-16	Tpos:92.6,Tstd:57.2,Bpos:78.0,Bstd:92.5,StrandBias:10.0,Multiplicity:1.00
0.606	0.292	0.095	0.007
0.001	0.001	0.094	0.904
0.001	0.001	0.997	0.001
0.285	0.001	0.619	0.095
0.001	0.095	0.809	0.095
0.190	0.714	0.001	0.095
0.001	0.094	0.904	0.001
0.997	0.001	0.001	0.001
0.001	0.001	0.904	0.094
0.189	0.809	0.001	0.001
0.095	0.095	0.809	0.001
0.001	0.997	0.001	0.001
>CGCAGTAGGTCT	13-CGCAGTAGGTCT	11.454732	-34.384663	0	T:17.0(0.54%),B:0.5(0.00%),P:1e-14	Tpos:64.1,Tstd:58.6,Bpos:73.0,Bstd:25.8,StrandBias:10.0,Multiplicity:1.00
0.108	0.890	0.001	0.001
0.109	0.109	0.708	0.074
0.001	0.997	0.001	0.001
0.997	0.001	0.001	0.001
0.001	0.001	0.997	0.001
0.109	0.226	0.001	0.664
0.781	0.001	0.109	0.109
0.001	0.001	0.997	0.001
0.001	0.217	0.777	0.005
0.001	0.001	0.001	0.997
0.109	0.673	0.109	0.109
0.001	0.217	0.217	0.565
>SGGNCYGMGGCC	14-SGGNCYGMGGCC	7.118994	-33.598877	0	T:18.0(0.57%),B:1.9(0.01%),P:1e-14	Tpos:138.2,Tstd:77.6,Bpos:138.9,Bstd:85.5,StrandBias:10.0,Multiplicity:1.00
0.212	0.371	0.262	0.155
0.187	0.167	0.437	0.209
0.018	0.395	0.564	0.023
0.169	0.266	0.268	0.297
0.008	0.545	0.283	0.164
0.174	0.249	0.199	0.378
0.025	0.321	0.642	0.012
0.388	0.248	0.179	0.185
0.024	0.025	0.921	0.030
0.134	0.258	0.591	0.017
0.234	0.472	0.283	0.012
0.152	0.396	0.210	0.242
>AGCCAGATGCCT	15-AGCCAGATGCCT	9.001319	-33.569202	0	T:57.0(1.82%),B:87.9(0.43%),P:1e-14	Tpos:90.9,Tstd:59.7,Bpos:116.1,Bstd:114.3,StrandBias:10.0,Multiplicity:1.02
0.783	0.001	0.001	0.215
0.004	0.004	0.934	0.058
0.166	0.726	0.054	0.054
0.001	0.945	0.053	0.001
0.884	0.061	0.054	0.001
0.336	0.054	0.609	0.001
0.672	0.054	0.166	0.108
0.057	0.001	0.220	0.722
0.001	0.115	0.830	0.054
0.001	0.945	0.053	0.001
0.108	0.837	0.001	0.054
0.109	0.331	0.058	0.502
>AATGGATGGCGC	16-AATGGATGGCGC	9.495265	-32.748615	0	T:30.0(0.96%),B:19.3(0.09%),P:1e-14	Tpos:87.9,Tstd:43.3,Bpos:56.7,Bstd:57.4,StrandBias:10.0,Multiplicity:1.00
0.765	0.117	0.117	0.001
0.764	0.234	0.001	0.001
0.001	0.001	0.117	0.881
0.001	0.001	0.997	0.001
0.117	0.117	0.765	0.001
0.997	0.001	0.001	0.001
0.117	0.001	0.117	0.765
0.243	0.001	0.755	0.001
0.117	0.001	0.881	0.001
0.126	0.747	0.126	0.001
0.117	0.001	0.881	0.001
0.001	0.881	0.117	0.001
>CAATGAAGGCVA	17-CAATGAAGGCVA	9.603089	-32.271455	0	T:34.0(1.08%),B:28.8(0.14%),P:1e-14	Tpos:74.7,Tstd:36.5,Bpos:85.5,Bstd:47.1,StrandBias:10.0,Multiplicity:1.00
0.159	0.748	0.092	0.001
0.985	0.001	0.001	0.013
0.710	0.276	0.013	0.001
0.154	0.001	0.289	0.556
0.001	0.390	0.608	0.001
0.616	0.031	0.159	0.194
0.997	0.001	0.001	0.001
0.109	0.001	0.889	0.001
0.001	0.014	0.884	0.101
0.001	0.603	0.001	0.395
0.379	0.247	0.281	0.092
0.656	0.001	0.342	0.001
>ACCACTAGTCTG	18-ACCACTAGTCTG	8.292323	-31.726379	0	T:20.0(0.64%),B:4.0(0.02%),P:1e-13	Tpos:79.0,Tstd:49.2,Bpos:94.8,Bstd:31.3,StrandBias:10.0,Multiplicity:1.00
0.600	0.001	0.001	0.398
0.398	0.600	0.001	0.001
0.001	0.997	0.001	0.001
0.997	0.001	0.001	0.001
0.001	0.997	0.001	0.001
0.001	0.162	0.001	0.836
0.862	0.135	0.002	0.001
0.162	0.038	0.799	0.001
0.001	0.001	0.001	0.997
0.001	0.808	0.001	0.190
0.001	0.001	0.001	0.997
0.001	0.001	0.997	0.001
>TACTCTGAGACC	19-TACTCTGAGACC	11.185552	-31.194888	0	T:22.0(0.70%),B:7.2(0.04%),P:1e-13	Tpos:98.1,Tstd:86.4,Bpos:91.0,Bstd:38.4,StrandBias:10.0,Multiplicity:1.00
0.153	0.001	0.001	0.845
0.997	0.001	0.001	0.001
0.001	0.693	0.153	0.153
0.009	0.001	0.001	0.989
0.001	0.693	0.153	0.153
0.001	0.001	0.153	0.845
0.001	0.058	0.788	0.153
0.693	0.001	0.153	0.153
0.153	0.001	0.845	0.001
0.997	0.001	0.001	0.001
0.153	0.693	0.001	0.153
0.001	0.997	0.001	0.001
>GTCGGCNAGCSG	20-GTCGGCNAGCSG	9.754350	-30.695056	0	T:21.0(0.67%),B:6.9(0.03%),P:1e-13	Tpos:94.5,Tstd:50.9,Bpos:54.0,Bstd:18.3,StrandBias:10.0,Multiplicity:1.00
0.001	0.221	0.777	0.001
0.001	0.001	0.001	0.997
0.001	0.777	0.221	0.001
0.001	0.001	0.997	0.001
0.001	0.001	0.997	0.001
0.001	0.997	0.001	0.001
0.321	0.222	0.236	0.222
0.985	0.001	0.013	0.001
0.001	0.001	0.997	0.001
0.001	0.777	0.001	0.221
0.001	0.555	0.443	0.001
0.001	0.001	0.997	0.001
>AGTTGAACATGG	21-AGTTGAACATGG	10.611589	-29.443022	0	T:21.0(0.67%),B:7.0(0.03%),P:1e-12	Tpos:82.9,Tstd:39.4,Bpos:111.2,Bstd:34.1,StrandBias:10.0,Multiplicity:1.10
0.871	0.001	0.064	0.064
0.001	0.064	0.934	0.001
0.001	0.064	0.129	0.806
0.001	0.001	0.001	0.997
0.001	0.064	0.934	0.001
0.739	0.193	0.067	0.001
0.871	0.001	0.064	0.064
0.193	0.610	0.132	0.065
0.805	0.065	0.065	0.065
0.193	0.001	0.064	0.742
0.064	0.001	0.932	0.003
0.065	0.065	0.805	0.065
>AACAACTCACCT	22-AACAACTCACCT	10.051294	-29.239023	0	T:24.0(0.76%),B:12.6(0.06%),P:1e-12	Tpos:96.0,Tstd:36.2,Bpos:95.7,Bstd:27.2,StrandBias:10.0,Multiplicity:1.00
0.997	0.001	0.001	0.001
0.986	0.012	0.001	0.001
0.221	0.777	0.001	0.001
0.997	0.001	0.001	0.001
0.765	0.001	0.233	0.001
0.221	0.777	0.001	0.001
0.222	0.012	0.001	0.765
0.001	0.997	0.001	0.001
0.777	0.001	0.001	0.221
0.001	0.765	0.012	0.222
0.001	0.997	0.001	0.001
0.222	0.222	0.001	0.555
>TAGTATAGTGGT	23-TAGTATAGTGGT	10.273941	-28.918631	0	T:20.0(0.64%),B:6.3(0.03%),P:1e-12	Tpos:65.5,Tstd:51.5,Bpos:103.6,Bstd:58.9,StrandBias:10.0,Multiplicity:1.00
0.001	0.001	0.001	0.997
0.757	0.001	0.241	0.001
0.001	0.001	0.997	0.001
0.001	0.001	0.001	0.997
0.671	0.022	0.298	0.009
0.001	0.001	0.001	0.997
0.903	0.001	0.095	0.001
0.095	0.001	0.903	0.001
0.001	0.001	0.001	0.997
0.001	0.001	0.997	0.001
0.001	0.001	0.997	0.001
0.001	0.001	0.001	0.997
>TGAACGAGGCCC	24-TGAACGAGGCCC	10.128224	-28.637094	0	T:39.0(1.24%),B:47.4(0.23%),P:1e-12	Tpos:100.2,Tstd:58.2,Bpos:119.1,Bstd:177.8,StrandBias:10.0,Multiplicity:1.00
0.069	0.001	0.069	0.861
0.001	0.068	0.930	0.001
0.651	0.210	0.138	0.001
0.631	0.069	0.141	0.159
0.001	0.655	0.275	0.069
0.001	0.137	0.861	0.001
0.997	0.001	0.001	0.001
0.068	0.001	0.930	0.001
0.069	0.138	0.792	0.001
0.140	0.858	0.001	0.001
0.001	0.997	0.001	0.001
0.003	0.858	0.001	0.138
>GACCCGGCGAGG	25-GACCCGGCGAGG	11.075824	-23.890418	0	T:19.0(0.61%),B:9.6(0.05%),P:1e-10	Tpos:89.0,Tstd:51.9,Bpos:134.3,Bstd:42.8,StrandBias:10.0,Multiplicity:1.05
0.001	0.053	0.945	0.001
0.727	0.054	0.057	0.162
0.001	0.943	0.054	0.002
0.054	0.838	0.054	0.054
0.001	0.945	0.001	0.053
0.108	0.108	0.622	0.162
0.054	0.108	0.784	0.054
0.108	0.604	0.219	0.069
0.001	0.001	0.945	0.053
0.835	0.057	0.054	0.054
0.108	0.001	0.837	0.054
0.001	0.001	0.997	0.001
