>GGTAAGT	1-GGTAAGT	5.491683	-114.435267	0	T:522.0(16.63%),B:1595.6(7.77%),P:1e-49	Tpos:112.6,Tstd:74.0,Bpos:91.6,Bstd:162.0,StrandBias:10.0,Multiplicity:1.05
0.028	0.001	0.953	0.018
0.001	0.001	0.997	0.001
0.001	0.024	0.001	0.974
0.658	0.025	0.316	0.001
0.942	0.001	0.039	0.018
0.001	0.001	0.976	0.022
0.033	0.105	0.223	0.639
>CGTTCGT	2-CGTTCGT	4.256278	-67.715872	0	T:564.0(17.97%),B:2176.7(10.60%),P:1e-29	Tpos:86.7,Tstd:59.7,Bpos:85.6,Bstd:146.2,StrandBias:10.0,Multiplicity:1.23
0.035	0.650	0.224	0.091
0.084	0.059	0.775	0.082
0.060	0.200	0.037	0.703
0.092	0.031	0.043	0.834
0.076	0.690	0.146	0.088
0.060	0.107	0.780	0.053
0.189	0.130	0.108	0.573
>ATAACCG	3-ATAACCG	4.296324	-60.427797	0	T:545.0(17.37%),B:2152.4(10.49%),P:1e-26	Tpos:100.2,Tstd:113.9,Bpos:92.1,Bstd:93.6,StrandBias:10.0,Multiplicity:1.14
0.759	0.061	0.165	0.015
0.124	0.136	0.063	0.677
0.631	0.081	0.232	0.056
0.637	0.136	0.042	0.185
0.136	0.694	0.078	0.092
0.027	0.712	0.074	0.187
0.001	0.079	0.901	0.019
>CTGATGA	4-CTGATGA	5.872721	-59.241776	0	T:587.0(18.71%),B:2387.1(11.63%),P:1e-25	Tpos:82.0,Tstd:61.1,Bpos:89.1,Bstd:102.7,StrandBias:10.0,Multiplicity:1.18
0.242	0.541	0.216	0.001
0.068	0.001	0.001	0.930
0.001	0.001	0.997	0.001
0.879	0.001	0.098	0.022
0.135	0.001	0.076	0.788
0.041	0.001	0.915	0.043
0.997	0.001	0.001	0.001
>AGCGGTA	5-AGCGGTA	3.973278	-57.169778	0	T:1135.0(36.17%),B:5544.2(27.01%),P:1e-24	Tpos:89.7,Tstd:83.8,Bpos:89.4,Bstd:109.2,StrandBias:10.0,Multiplicity:1.30
0.703	0.119	0.064	0.114
0.062	0.118	0.779	0.041
0.064	0.788	0.046	0.102
0.163	0.059	0.657	0.121
0.033	0.130	0.787	0.050
0.111	0.168	0.092	0.629
0.665	0.098	0.131	0.106
>GCCGCCG	6-GCCGCCG	4.852795	-56.006340	0	T:942.0(30.02%),B:4419.9(21.53%),P:1e-24	Tpos:87.9,Tstd:69.1,Bpos:85.0,Bstd:172.1,StrandBias:10.0,Multiplicity:2.46
0.060	0.106	0.738	0.096
0.071	0.611	0.154	0.164
0.101	0.615	0.203	0.081
0.029	0.056	0.880	0.035
0.075	0.640	0.169	0.116
0.083	0.645	0.222	0.050
0.048	0.050	0.876	0.026
>GAATCCG	7-GAATCCG	-4.251302	-48.751780	0	T:2568.0(81.84%),B:15218.1(74.13%),P:1e-21	Tpos:96.4,Tstd:94.2,Bpos:89.4,Bstd:112.3,StrandBias:10.0,Multiplicity:1.96
0.001	0.001	0.880	0.118
0.997	0.001	0.001	0.001
0.997	0.001	0.001	0.001
0.001	0.001	0.001	0.997
0.001	0.997	0.001	0.001
0.001	0.997	0.001	0.001
0.001	0.001	0.997	0.001
>TCGKGGG	8-TCGKGGG	4.798354	-41.132647	0	T:532.0(16.95%),B:2312.7(11.27%),P:1e-17	Tpos:89.9,Tstd:70.6,Bpos:87.5,Bstd:142.8,StrandBias:10.0,Multiplicity:1.07
0.052	0.001	0.001	0.946
0.001	0.763	0.001	0.235
0.001	0.001	0.997	0.001
0.001	0.001	0.442	0.556
0.285	0.001	0.713	0.001
0.001	0.415	0.583	0.001
0.001	0.056	0.942	0.001
>GTGGACA	9-GTGGACA	6.191302	-40.847802	0	T:381.0(12.14%),B:1509.9(7.36%),P:1e-17	Tpos:98.8,Tstd:92.4,Bpos:93.6,Bstd:114.0,StrandBias:10.0,Multiplicity:1.19
0.001	0.001	0.649	0.349
0.001	0.320	0.001	0.678
0.001	0.048	0.950	0.001
0.344	0.001	0.654	0.001
0.997	0.001	0.001	0.001
0.001	0.743	0.167	0.089
0.655	0.001	0.196	0.148
>TCGGCGG	10-TCGGCGG	2.768913	-34.550973	0	T:444.0(14.15%),B:1921.0(9.36%),P:1e-15	Tpos:89.6,Tstd:62.7,Bpos:77.8,Bstd:108.6,StrandBias:10.0,Multiplicity:1.05
0.002	0.001	0.006	0.991
0.001	0.997	0.001	0.001
0.001	0.001	0.997	0.001
0.125	0.194	0.417	0.264
0.001	0.997	0.001	0.001
0.001	0.001	0.997	0.001
0.001	0.001	0.846	0.152
>RCGACGA	11-RCGACGA	6.981326	-30.386591	0	T:116.0(3.70%),B:321.7(1.57%),P:1e-13	Tpos:100.3,Tstd:57.5,Bpos:88.4,Bstd:175.3,StrandBias:10.0,Multiplicity:1.08
0.494	0.001	0.504	0.001
0.001	0.997	0.001	0.001
0.001	0.001	0.997	0.001
0.737	0.001	0.001	0.261
0.001	0.819	0.179	0.001
0.001	0.001	0.997	0.001
0.997	0.001	0.001	0.001
>GACCTGT	12-GACCTGT	5.831385	-26.075106	0	T:378.0(12.05%),B:1681.7(8.19%),P:1e-11	Tpos:89.6,Tstd:88.5,Bpos:89.6,Bstd:97.8,StrandBias:10.0,Multiplicity:1.11
0.104	0.123	0.772	0.001
0.943	0.001	0.055	0.001
0.001	0.997	0.001	0.001
0.031	0.938	0.001	0.030
0.001	0.001	0.021	0.977
0.045	0.106	0.765	0.084
0.104	0.001	0.200	0.695
>GCCGTTC	13-GCCGTTC	5.334781	-25.456196	0	T:111.0(3.54%),B:330.0(1.61%),P:1e-11	Tpos:88.9,Tstd:55.1,Bpos:104.0,Bstd:204.4,StrandBias:10.0,Multiplicity:1.00
0.001	0.001	0.997	0.001
0.001	0.944	0.001	0.054
0.001	0.997	0.001	0.001
0.001	0.001	0.997	0.001
0.001	0.001	0.001	0.997
0.238	0.226	0.001	0.535
0.001	0.997	0.001	0.001
>TGCTACT	14-TGCTACT	4.506342	-24.693816	0	T:356.0(11.34%),B:1581.5(7.70%),P:1e-10	Tpos:93.6,Tstd:76.5,Bpos:87.0,Bstd:150.2,StrandBias:10.0,Multiplicity:1.16
0.001	0.001	0.036	0.962
0.001	0.001	0.997	0.001
0.001	0.997	0.001	0.001
0.001	0.001	0.275	0.723
0.783	0.001	0.215	0.001
0.001	0.997	0.001	0.001
0.001	0.001	0.001	0.997
>CTGATCG	15-CTGATCG	6.787451	-23.671706	0	T:81.0(2.58%),B:213.7(1.04%),P:1e-10	Tpos:122.0,Tstd:146.6,Bpos:77.5,Bstd:93.7,StrandBias:10.0,Multiplicity:1.00
0.001	0.997	0.001	0.001
0.001	0.268	0.063	0.668
0.001	0.001	0.997	0.001
0.872	0.001	0.126	0.001
0.001	0.001	0.001	0.997
0.001	0.997	0.001	0.001
0.001	0.001	0.997	0.001
>TAMGGCG	16-TAMGGCG	6.585677	-23.227022	0	T:53.0(1.69%),B:107.7(0.52%),P:1e-10	Tpos:69.9,Tstd:53.6,Bpos:94.2,Bstd:201.0,StrandBias:10.0,Multiplicity:1.00
0.072	0.001	0.001	0.926
0.891	0.107	0.001	0.001
0.337	0.379	0.224	0.060
0.222	0.142	0.635	0.001
0.001	0.013	0.985	0.001
0.001	0.739	0.151	0.109
0.306	0.176	0.517	0.001
>CCGTCGG	17-CCGTCGG	6.804513	-19.421879	0	T:177.0(5.64%),B:699.6(3.41%),P:1e-8	Tpos:92.9,Tstd:54.2,Bpos:90.1,Bstd:169.7,StrandBias:10.0,Multiplicity:1.14
0.001	0.997	0.001	0.001
0.315	0.632	0.001	0.052
0.121	0.215	0.663	0.001
0.154	0.001	0.052	0.793
0.040	0.958	0.001	0.001
0.001	0.038	0.960	0.001
0.001	0.001	0.990	0.008
>CMCCCCC	18-CMCCCCC	5.705640	-18.648500	0	T:502.0(16.00%),B:2518.3(12.27%),P:1e-8	Tpos:124.8,Tstd:211.2,Bpos:89.2,Bstd:100.0,StrandBias:10.0,Multiplicity:1.21
0.001	0.831	0.001	0.167
0.512	0.486	0.001	0.001
0.111	0.887	0.001	0.001
0.129	0.869	0.001	0.001
0.001	0.997	0.001	0.001
0.001	0.997	0.001	0.001
0.001	0.703	0.001	0.295
>CTCCTAC	19-CTCCTAC	7.058114	-17.697870	0	T:110.0(3.51%),B:384.6(1.87%),P:1e-7	Tpos:98.5,Tstd:106.4,Bpos:94.8,Bstd:91.7,StrandBias:10.0,Multiplicity:1.01
0.001	0.896	0.102	0.001
0.001	0.001	0.001	0.997
0.001	0.706	0.292	0.001
0.001	0.997	0.001	0.001
0.001	0.001	0.001	0.997
0.997	0.001	0.001	0.001
0.001	0.997	0.001	0.001
>TCGGTCG	20-TCGGTCG	7.113387	-17.483727	0	T:90.0(2.87%),B:292.3(1.42%),P:1e-7	Tpos:109.2,Tstd:57.0,Bpos:95.4,Bstd:118.4,StrandBias:10.0,Multiplicity:1.24
0.001	0.001	0.001	0.997
0.001	0.818	0.180	0.001
0.001	0.001	0.997	0.001
0.001	0.001	0.997	0.001
0.165	0.001	0.001	0.833
0.001	0.868	0.001	0.130
0.001	0.001	0.854	0.144
>TTCGGCT	21-TTCGGCT	7.457040	-16.041228	0	T:125.0(3.98%),B:474.0(2.31%),P:1e-6	Tpos:86.1,Tstd:58.4,Bpos:82.9,Bstd:95.0,StrandBias:10.0,Multiplicity:1.05
0.001	0.001	0.001	0.997
0.001	0.202	0.001	0.796
0.001	0.997	0.001	0.001
0.001	0.001	0.997	0.001
0.001	0.178	0.683	0.138
0.024	0.974	0.001	0.001
0.001	0.001	0.001	0.997
>ACCCGCT	22-ACCCGCT	9.627343	-10.917319	0	T:49.0(1.56%),B:154.1(0.75%),P:1e-4	Tpos:99.1,Tstd:58.7,Bpos:75.8,Bstd:97.5,StrandBias:10.0,Multiplicity:1.12
0.997	0.001	0.001	0.001
0.055	0.943	0.001	0.001
0.001	0.997	0.001	0.001
0.001	0.997	0.001	0.001
0.001	0.001	0.997	0.001
0.001	0.997	0.001	0.001
0.001	0.001	0.001	0.997
>CGAGCGG	23-CGAGCGG	7.207335	-7.456703	0	T:48.0(1.53%),B:178.9(0.87%),P:1e-3	Tpos:90.2,Tstd:73.9,Bpos:77.5,Bstd:90.8,StrandBias:10.0,Multiplicity:1.00
0.100	0.700	0.100	0.100
0.100	0.100	0.700	0.100
0.700	0.100	0.100	0.100
0.100	0.100	0.700	0.100
0.100	0.700	0.100	0.100
0.100	0.100	0.700	0.100
0.100	0.100	0.700	0.100
