>GGTAAGCG	1-GGTAAGCG	5.167169	-97.198096	0	T:572.0(18.23%),B:1956.7(9.53%),P:1e-42	Tpos:109.6,Tstd:79.8,Bpos:89.5,Bstd:102.4,StrandBias:10.0,Multiplicity:1.08
0.099	0.042	0.786	0.073
0.081	0.073	0.794	0.052
0.067	0.045	0.042	0.846
0.601	0.067	0.226	0.106
0.844	0.053	0.035	0.068
0.048	0.082	0.834	0.036
0.044	0.634	0.099	0.223
0.112	0.159	0.667	0.062
>ACTGAKGA	2-ACTGAKGA	4.885818	-69.950597	0	T:910.0(29.00%),B:4039.4(19.68%),P:1e-30	Tpos:87.0,Tstd:68.2,Bpos:88.8,Bstd:98.5,StrandBias:10.0,Multiplicity:1.23
0.544	0.268	0.060	0.128
0.080	0.716	0.089	0.115
0.164	0.059	0.118	0.659
0.001	0.001	0.997	0.001
0.837	0.021	0.066	0.076
0.156	0.172	0.277	0.395
0.001	0.001	0.997	0.001
0.848	0.055	0.037	0.060
>CGTTCGTC	3-CGTTCGTC	5.117172	-62.112610	0	T:287.0(9.15%),B:869.2(4.23%),P:1e-26	Tpos:86.1,Tstd:74.8,Bpos:89.4,Bstd:199.0,StrandBias:10.0,Multiplicity:1.12
0.077	0.718	0.116	0.089
0.092	0.071	0.727	0.110
0.030	0.189	0.044	0.737
0.087	0.052	0.009	0.852
0.043	0.782	0.114	0.061
0.026	0.072	0.801	0.101
0.052	0.065	0.095	0.788
0.110	0.601	0.228	0.061
>GYCGCVGC	4-GYCGCVGC	5.228739	-58.911289	0	T:739.0(23.55%),B:3220.3(15.69%),P:1e-25	Tpos:86.6,Tstd:57.6,Bpos:85.5,Bstd:165.1,StrandBias:10.0,Multiplicity:1.59
0.035	0.254	0.628	0.083
0.080	0.445	0.123	0.352
0.237	0.461	0.193	0.109
0.040	0.059	0.865	0.036
0.066	0.686	0.036	0.212
0.244	0.337	0.337	0.081
0.137	0.099	0.741	0.023
0.181	0.610	0.192	0.017
>TATCCGCG	5-TATCCGCG	5.096286	-58.693184	0	T:217.0(6.92%),B:585.5(2.85%),P:1e-25	Tpos:98.3,Tstd:97.4,Bpos:75.7,Bstd:79.5,StrandBias:10.0,Multiplicity:1.04
0.127	0.067	0.102	0.704
0.841	0.021	0.060	0.078
0.135	0.096	0.086	0.683
0.043	0.809	0.066	0.082
0.121	0.650	0.181	0.048
0.036	0.041	0.778	0.145
0.120	0.767	0.065	0.048
0.062	0.058	0.775	0.105
>TCGAATCC	6-TCGAATCC	7.556476	-57.545043	0	T:85.0(2.71%),B:109.5(0.53%),P:1e-24	Tpos:118.0,Tstd:171.0,Bpos:93.2,Bstd:107.0,StrandBias:10.0,Multiplicity:1.00
0.021	0.256	0.013	0.710
0.010	0.974	0.001	0.015
0.080	0.001	0.908	0.011
0.969	0.001	0.001	0.029
0.706	0.027	0.102	0.165
0.001	0.038	0.001	0.960
0.001	0.997	0.001	0.001
0.020	0.908	0.001	0.071
>GTGGACAA	7-GTGGACAA	4.864597	-57.385877	0	T:688.0(21.92%),B:2957.2(14.41%),P:1e-24	Tpos:96.8,Tstd:92.1,Bpos:91.6,Bstd:90.7,StrandBias:10.0,Multiplicity:1.11
0.095	0.050	0.749	0.106
0.103	0.057	0.065	0.775
0.153	0.078	0.710	0.059
0.063	0.027	0.886	0.024
0.712	0.135	0.059	0.094
0.110	0.708	0.088	0.094
0.776	0.017	0.090	0.117
0.691	0.120	0.048	0.141
>CGTACCSA	8-CGTACCSA	8.099667	-44.978235	0	T:28.0(0.89%),B:5.1(0.02%),P:1e-19	Tpos:88.2,Tstd:65.2,Bpos:93.2,Bstd:27.3,StrandBias:10.0,Multiplicity:1.00
0.001	0.876	0.122	0.001
0.001	0.001	0.997	0.001
0.036	0.001	0.036	0.927
0.760	0.088	0.001	0.151
0.073	0.582	0.309	0.036
0.001	0.659	0.339	0.001
0.001	0.363	0.478	0.158
0.866	0.001	0.079	0.054
>CCGTGGAC	9-CCGTGGAC	5.343116	-44.409212	0	T:423.0(13.48%),B:1688.4(8.23%),P:1e-19	Tpos:99.0,Tstd:69.7,Bpos:93.1,Bstd:139.3,StrandBias:10.0,Multiplicity:1.13
0.135	0.697	0.078	0.090
0.085	0.704	0.083	0.128
0.097	0.130	0.720	0.053
0.132	0.044	0.077	0.747
0.041	0.166	0.728	0.065
0.132	0.048	0.794	0.026
0.778	0.088	0.080	0.054
0.091	0.837	0.043	0.029
>VAGYCGGC	10-VAGYCGGC	5.883421	-37.950515	0	T:305.0(9.72%),B:1151.6(5.61%),P:1e-16	Tpos:90.8,Tstd:60.9,Bpos:85.9,Bstd:123.1,StrandBias:10.0,Multiplicity:1.17
0.379	0.294	0.326	0.001
0.600	0.244	0.123	0.033
0.018	0.052	0.929	0.001
0.080	0.435	0.026	0.460
0.166	0.789	0.044	0.001
0.106	0.015	0.878	0.001
0.020	0.084	0.649	0.247
0.289	0.596	0.106	0.009
>AGGCCCTT	11-AGGCCCTT	6.752526	-37.023885	0	T:226.0(7.20%),B:772.9(3.77%),P:1e-16	Tpos:123.1,Tstd:152.4,Bpos:91.9,Bstd:117.0,StrandBias:10.0,Multiplicity:1.07
0.963	0.001	0.001	0.035
0.001	0.001	0.997	0.001
0.124	0.085	0.749	0.042
0.001	0.997	0.001	0.001
0.001	0.877	0.051	0.071
0.001	0.940	0.022	0.037
0.068	0.041	0.079	0.812
0.137	0.001	0.113	0.749
>GCGCCGGG	12-GCGCCGGG	8.166326	-35.909210	0	T:113.0(3.60%),B:279.9(1.36%),P:1e-15	Tpos:102.5,Tstd:65.5,Bpos:91.5,Bstd:172.7,StrandBias:10.0,Multiplicity:1.01
0.105	0.001	0.667	0.227
0.001	0.997	0.001	0.001
0.082	0.001	0.916	0.001
0.001	0.997	0.001	0.001
0.001	0.997	0.001	0.001
0.001	0.001	0.997	0.001
0.001	0.001	0.997	0.001
0.001	0.001	0.997	0.001
>TMGCTCGC	13-TMGCTCGC	6.573416	-35.876373	0	T:103.0(3.28%),B:240.2(1.17%),P:1e-15	Tpos:91.8,Tstd:50.6,Bpos:98.4,Bstd:122.9,StrandBias:10.0,Multiplicity:1.02
0.378	0.001	0.001	0.620
0.534	0.464	0.001	0.001
0.001	0.106	0.892	0.001
0.001	0.660	0.227	0.112
0.112	0.001	0.075	0.812
0.227	0.771	0.001	0.001
0.001	0.001	0.997	0.001
0.025	0.972	0.001	0.002
>TAACCTGG	14-TAACCTGG	5.681654	-35.525023	0	T:235.0(7.49%),B:828.0(4.03%),P:1e-15	Tpos:91.4,Tstd:64.8,Bpos:88.1,Bstd:86.0,StrandBias:10.0,Multiplicity:1.05
0.267	0.153	0.099	0.481
0.756	0.151	0.092	0.001
0.646	0.123	0.127	0.104
0.105	0.693	0.036	0.166
0.011	0.653	0.027	0.309
0.247	0.015	0.001	0.737
0.001	0.222	0.581	0.196
0.055	0.143	0.611	0.191
>TCGGTCGG	15-TCGGTCGG	8.763622	-34.732986	0	T:54.0(1.72%),B:75.5(0.37%),P:1e-15	Tpos:107.5,Tstd:59.6,Bpos:96.6,Bstd:126.5,StrandBias:10.0,Multiplicity:1.26
0.001	0.001	0.001	0.997
0.001	0.761	0.237	0.001
0.172	0.001	0.826	0.001
0.032	0.001	0.966	0.001
0.048	0.001	0.001	0.950
0.001	0.820	0.001	0.178
0.001	0.001	0.997	0.001
0.001	0.001	0.997	0.001
>CGGATAGC	16-CGGATAGC	8.756687	-33.355807	0	T:19.0(0.61%),B:2.1(0.01%),P:1e-14	Tpos:76.3,Tstd:39.2,Bpos:166.0,Bstd:0.0,StrandBias:10.0,Multiplicity:1.08
0.001	0.997	0.001	0.001
0.001	0.001	0.997	0.001
0.001	0.001	0.997	0.001
0.899	0.001	0.001	0.099
0.001	0.001	0.001	0.997
0.997	0.001	0.001	0.001
0.001	0.001	0.997	0.001
0.001	0.997	0.001	0.001
>CATGACCG	17-CATGACCG	7.021141	-32.885734	0	T:117.0(3.73%),B:311.9(1.52%),P:1e-14	Tpos:99.9,Tstd:97.9,Bpos:109.0,Bstd:165.8,StrandBias:10.0,Multiplicity:1.01
0.074	0.883	0.042	0.001
0.997	0.001	0.001	0.001
0.152	0.001	0.001	0.846
0.001	0.106	0.892	0.001
0.845	0.001	0.061	0.093
0.040	0.857	0.049	0.054
0.055	0.861	0.072	0.012
0.001	0.028	0.884	0.087
>CGCGGTAC	18-CGCGGTAC	5.103271	-29.636691	0	T:207.0(6.60%),B:745.6(3.63%),P:1e-12	Tpos:93.6,Tstd:99.3,Bpos:91.0,Bstd:183.1,StrandBias:10.0,Multiplicity:1.07
0.099	0.736	0.071	0.094
0.043	0.089	0.819	0.049
0.122	0.757	0.043	0.078
0.146	0.076	0.744	0.034
0.133	0.089	0.705	0.073
0.064	0.116	0.095	0.725
0.773	0.056	0.052	0.119
0.117	0.751	0.065	0.067
>GTTGTTCG	19-GTTGTTCG	6.892725	-26.785375	0	T:61.0(1.94%),B:122.2(0.60%),P:1e-11	Tpos:92.1,Tstd:63.1,Bpos:79.9,Bstd:80.7,StrandBias:10.0,Multiplicity:1.00
0.032	0.043	0.917	0.008
0.051	0.001	0.037	0.911
0.025	0.001	0.148	0.826
0.042	0.009	0.948	0.001
0.025	0.077	0.024	0.874
0.043	0.011	0.043	0.903
0.027	0.730	0.096	0.147
0.016	0.001	0.982	0.001
>GTGAACAG	20-GTGAACAG	8.402497	-26.266815	0	T:49.0(1.56%),B:83.3(0.41%),P:1e-11	Tpos:80.5,Tstd:52.8,Bpos:126.7,Bstd:236.2,StrandBias:10.0,Multiplicity:1.04
0.001	0.001	0.997	0.001
0.001	0.078	0.001	0.920
0.001	0.001	0.997	0.001
0.997	0.001	0.001	0.001
0.997	0.001	0.001	0.001
0.001	0.997	0.001	0.001
0.997	0.001	0.001	0.001
0.001	0.110	0.888	0.001
>ATGCCGAA	21-ATGCCGAA	7.862446	-25.792860	0	T:47.0(1.50%),B:78.5(0.38%),P:1e-11	Tpos:69.2,Tstd:49.9,Bpos:75.0,Bstd:39.4,StrandBias:10.0,Multiplicity:1.11
0.557	0.190	0.198	0.055
0.032	0.078	0.334	0.556
0.008	0.001	0.968	0.023
0.001	0.991	0.001	0.007
0.004	0.952	0.043	0.001
0.001	0.001	0.997	0.001
0.788	0.001	0.001	0.210
0.523	0.179	0.082	0.216
>CCGCTAAG	22-CCGCTAAG	8.151294	-25.033163	0	T:28.0(0.89%),B:26.7(0.13%),P:1e-10	Tpos:108.5,Tstd:45.3,Bpos:92.5,Bstd:46.5,StrandBias:10.0,Multiplicity:1.00
0.001	0.997	0.001	0.001
0.001	0.997	0.001	0.001
0.001	0.001	0.997	0.001
0.001	0.936	0.062	0.001
0.001	0.001	0.001	0.997
0.997	0.001	0.001	0.001
0.869	0.001	0.129	0.001
0.001	0.001	0.997	0.001
>ACGAGAAC	23-ACGAGAAC	9.104613	-23.460209	0	T:42.0(1.34%),B:69.7(0.34%),P:1e-10	Tpos:78.9,Tstd:43.6,Bpos:74.5,Bstd:70.1,StrandBias:10.0,Multiplicity:1.03
0.768	0.230	0.001	0.001
0.001	0.997	0.001	0.001
0.001	0.001	0.997	0.001
0.997	0.001	0.001	0.001
0.001	0.001	0.997	0.001
0.997	0.001	0.001	0.001
0.816	0.001	0.182	0.001
0.001	0.997	0.001	0.001
>GGCGCGAA	24-GGCGCGAA	8.236954	-19.035076	0	T:13.0(0.41%),B:5.0(0.02%),P:1e-8	Tpos:138.8,Tstd:48.1,Bpos:81.9,Bstd:104.2,StrandBias:10.0,Multiplicity:1.00
0.100	0.100	0.700	0.100
0.100	0.100	0.700	0.100
0.100	0.700	0.100	0.100
0.100	0.100	0.700	0.100
0.100	0.700	0.100	0.100
0.100	0.100	0.700	0.100
0.700	0.100	0.100	0.100
0.700	0.100	0.100	0.100
>TCCGTTGC	25-TCCGTTGC	8.236954	-18.198102	0	T:16.0(0.51%),B:10.6(0.05%),P:1e-7	Tpos:101.0,Tstd:56.7,Bpos:93.5,Bstd:42.2,StrandBias:10.0,Multiplicity:1.00
0.100	0.100	0.100	0.700
0.100	0.700	0.100	0.100
0.100	0.700	0.100	0.100
0.100	0.100	0.700	0.100
0.100	0.100	0.100	0.700
0.100	0.100	0.100	0.700
0.100	0.100	0.700	0.100
0.100	0.700	0.100	0.100
