>AYGGTGAGT	1-AYGGTGAGT	4.451954	-76.529936	0	T:362.0(11.54%),B:1112.6(5.42%),P:1e-33	Tpos:108.3,Tstd:88.3,Bpos:91.9,Bstd:94.8,StrandBias:10.0,Multiplicity:1.05
0.946	0.030	0.001	0.023
0.071	0.481	0.025	0.423
0.045	0.034	0.920	0.001
0.034	0.023	0.942	0.001
0.017	0.108	0.001	0.874
0.001	0.001	0.997	0.001
0.951	0.034	0.014	0.001
0.001	0.001	0.997	0.001
0.001	0.072	0.041	0.886
>GTTCGAATC	2-GTTCGAATC	7.533181	-64.298458	0	T:68.0(2.17%),B:54.2(0.26%),P:1e-27	Tpos:88.6,Tstd:39.1,Bpos:103.0,Bstd:121.8,StrandBias:10.0,Multiplicity:1.00
0.012	0.021	0.940	0.027
0.030	0.012	0.039	0.919
0.045	0.234	0.073	0.648
0.138	0.671	0.145	0.046
0.126	0.027	0.761	0.086
0.778	0.007	0.140	0.075
0.603	0.058	0.150	0.189
0.001	0.160	0.018	0.821
0.036	0.872	0.025	0.067
>GTGAASWWG	3-GTGAASWWG	5.071013	-58.608503	0	T:1078.0(34.35%),B:5180.2(25.24%),P:1e-25	Tpos:93.7,Tstd:77.6,Bpos:89.9,Bstd:98.7,StrandBias:10.0,Multiplicity:1.34
0.022	0.311	0.603	0.064
0.311	0.001	0.053	0.635
0.001	0.181	0.817	0.001
0.587	0.001	0.411	0.001
0.898	0.001	0.100	0.001
0.001	0.529	0.439	0.031
0.355	0.174	0.086	0.385
0.568	0.001	0.001	0.430
0.162	0.001	0.725	0.112
>WAGGTAAGK	4-WAGGTAAGK	5.118864	-56.017619	0	T:163.0(5.19%),B:380.3(1.85%),P:1e-24	Tpos:114.8,Tstd:68.2,Bpos:95.4,Bstd:99.9,StrandBias:10.0,Multiplicity:1.14
0.365	0.177	0.163	0.295
0.506	0.157	0.148	0.189
0.085	0.076	0.534	0.305
0.071	0.149	0.694	0.086
0.137	0.140	0.137	0.586
0.657	0.187	0.102	0.054
0.521	0.133	0.204	0.142
0.090	0.157	0.646	0.107
0.183	0.180	0.271	0.366
>GTTCGTGGT	5-GTTCGTGGT	6.278872	-54.745496	0	T:124.0(3.95%),B:241.5(1.18%),P:1e-23	Tpos:82.3,Tstd:45.0,Bpos:92.7,Bstd:137.7,StrandBias:10.0,Multiplicity:1.03
0.086	0.059	0.818	0.037
0.123	0.109	0.084	0.684
0.066	0.059	0.041	0.834
0.080	0.817	0.034	0.069
0.071	0.051	0.796	0.082
0.044	0.061	0.064	0.831
0.063	0.139	0.739	0.059
0.102	0.080	0.779	0.039
0.075	0.107	0.110	0.708
>ATGACCGAG	6-ATGACCGAG	6.082803	-49.368924	0	T:210.0(6.69%),B:610.7(2.98%),P:1e-21	Tpos:90.5,Tstd:76.2,Bpos:86.5,Bstd:99.7,StrandBias:10.0,Multiplicity:1.05
0.750	0.123	0.100	0.027
0.095	0.044	0.079	0.782
0.055	0.061	0.828	0.056
0.701	0.090	0.091	0.118
0.069	0.764	0.072	0.095
0.081	0.733	0.114	0.072
0.037	0.084	0.826	0.053
0.783	0.074	0.069	0.074
0.039	0.064	0.840	0.057
>GCCGCCGCC	7-GCCGCCGCC	6.462092	-48.323657	0	T:456.0(14.53%),B:1817.4(8.85%),P:1e-20	Tpos:87.7,Tstd:59.6,Bpos:86.7,Bstd:162.9,StrandBias:10.0,Multiplicity:1.40
0.066	0.093	0.758	0.083
0.037	0.742	0.118	0.103
0.087	0.732	0.126	0.055
0.034	0.100	0.839	0.027
0.033	0.863	0.023	0.081
0.062	0.777	0.093	0.068
0.075	0.080	0.813	0.032
0.057	0.814	0.081	0.048
0.047	0.667	0.144	0.142
>AATCCGGCG	8-AATCCGGCG	7.417666	-48.048678	0	T:61.0(1.94%),B:65.4(0.32%),P:1e-20	Tpos:110.9,Tstd:116.5,Bpos:94.6,Bstd:87.5,StrandBias:10.0,Multiplicity:1.02
0.748	0.075	0.130	0.047
0.823	0.036	0.068	0.073
0.077	0.129	0.041	0.753
0.028	0.882	0.053	0.037
0.055	0.647	0.054	0.244
0.082	0.169	0.702	0.047
0.043	0.054	0.839	0.064
0.126	0.755	0.043	0.076
0.028	0.034	0.858	0.080
>CTCGGTCGG	9-CTCGGTCGG	6.793679	-43.729501	0	T:135.0(4.30%),B:328.5(1.60%),P:1e-18	Tpos:97.5,Tstd:54.8,Bpos:78.4,Bstd:96.9,StrandBias:10.0,Multiplicity:1.18
0.018	0.868	0.055	0.059
0.038	0.075	0.067	0.820
0.074	0.870	0.038	0.018
0.059	0.072	0.812	0.057
0.047	0.161	0.745	0.047
0.071	0.160	0.099	0.670
0.050	0.836	0.077	0.037
0.094	0.067	0.727	0.112
0.151	0.174	0.663	0.012
>TAAGGTAGC	10-TAAGGTAGC	6.797340	-42.264847	0	T:109.0(3.47%),B:235.6(1.15%),P:1e-18	Tpos:85.3,Tstd:55.4,Bpos:95.6,Bstd:131.3,StrandBias:10.0,Multiplicity:1.01
0.265	0.202	0.001	0.532
0.749	0.083	0.001	0.167
0.796	0.130	0.001	0.073
0.001	0.008	0.801	0.190
0.006	0.116	0.877	0.001
0.001	0.337	0.007	0.655
0.682	0.210	0.107	0.001
0.137	0.307	0.555	0.001
0.011	0.916	0.001	0.072
>TAGTGATGA	11-TAGTGATGA	6.806775	-40.938220	0	T:125.0(3.98%),B:302.7(1.47%),P:1e-17	Tpos:76.8,Tstd:91.6,Bpos:89.3,Bstd:113.5,StrandBias:10.0,Multiplicity:1.01
0.049	0.222	0.043	0.686
0.610	0.210	0.179	0.001
0.324	0.001	0.674	0.001
0.005	0.001	0.063	0.931
0.102	0.212	0.685	0.001
0.563	0.041	0.395	0.001
0.196	0.254	0.041	0.509
0.094	0.001	0.638	0.267
0.791	0.002	0.052	0.155
>CGGCGGCGG	12-CGGCGGCGG	6.053361	-35.694825	0	T:470.0(14.98%),B:2047.2(9.97%),P:1e-15	Tpos:83.5,Tstd:58.0,Bpos:84.8,Bstd:200.8,StrandBias:10.0,Multiplicity:1.38
0.259	0.633	0.091	0.017
0.190	0.134	0.663	0.013
0.017	0.228	0.703	0.052
0.094	0.778	0.024	0.104
0.238	0.142	0.605	0.015
0.054	0.117	0.765	0.064
0.075	0.603	0.239	0.083
0.188	0.147	0.488	0.178
0.109	0.132	0.727	0.032
>CSGYCSGTC	13-CSGYCSGTC	5.984351	-35.400019	0	T:73.0(2.33%),B:133.2(0.65%),P:1e-15	Tpos:77.7,Tstd:43.7,Bpos:88.8,Bstd:121.4,StrandBias:10.0,Multiplicity:1.27
0.001	0.576	0.192	0.231
0.255	0.409	0.335	0.001
0.086	0.066	0.723	0.125
0.159	0.357	0.133	0.350
0.072	0.619	0.060	0.249
0.050	0.444	0.345	0.161
0.102	0.220	0.615	0.063
0.144	0.206	0.075	0.575
0.049	0.707	0.163	0.081
>TAGCGCATT	14-TAGCGCATT	9.118858	-35.231769	0	T:27.0(0.86%),B:11.5(0.06%),P:1e-15	Tpos:49.7,Tstd:24.8,Bpos:89.9,Bstd:23.3,StrandBias:10.0,Multiplicity:1.00
0.001	0.001	0.001	0.997
0.997	0.001	0.001	0.001
0.001	0.001	0.997	0.001
0.001	0.997	0.001	0.001
0.001	0.001	0.822	0.176
0.001	0.997	0.001	0.001
0.997	0.001	0.001	0.001
0.001	0.001	0.202	0.796
0.001	0.001	0.001	0.997
>TTGCAGTAC	15-TTGCAGTAC	9.114193	-35.085840	0	T:35.0(1.12%),B:26.4(0.13%),P:1e-15	Tpos:129.9,Tstd:162.9,Bpos:99.5,Bstd:55.2,StrandBias:10.0,Multiplicity:1.03
0.001	0.001	0.001	0.997
0.001	0.001	0.001	0.997
0.001	0.001	0.997	0.001
0.001	0.950	0.001	0.048
0.997	0.001	0.001	0.001
0.001	0.001	0.892	0.106
0.001	0.001	0.174	0.824
0.997	0.001	0.001	0.001
0.001	0.997	0.001	0.001
>ATCCGCAGC	16-ATCCGCAGC	10.616476	-34.384663	0	T:17.0(0.54%),B:0.9(0.00%),P:1e-14	Tpos:75.2,Tstd:61.4,Bpos:106.0,Bstd:37.2,StrandBias:10.0,Multiplicity:1.00
0.997	0.001	0.001	0.001
0.105	0.001	0.001	0.893
0.001	0.997	0.001	0.001
0.001	0.997	0.001	0.001
0.001	0.001	0.997	0.001
0.001	0.997	0.001	0.001
0.820	0.001	0.178	0.001
0.001	0.001	0.997	0.001
0.001	0.997	0.001	0.001
>CGTACCCAT	17-CGTACCCAT	9.707525	-34.277895	0	T:23.0(0.73%),B:6.3(0.03%),P:1e-14	Tpos:170.8,Tstd:340.9,Bpos:89.1,Bstd:82.4,StrandBias:10.0,Multiplicity:1.09
0.001	0.997	0.001	0.001
0.083	0.001	0.915	0.001
0.070	0.001	0.070	0.859
0.997	0.001	0.001	0.001
0.001	0.997	0.001	0.001
0.001	0.997	0.001	0.001
0.001	0.997	0.001	0.001
0.997	0.001	0.001	0.001
0.001	0.001	0.001	0.997
>AATGTGAAC	18-AATGTGAAC	9.422505	-32.207816	0	T:37.0(1.18%),B:35.7(0.17%),P:1e-13	Tpos:80.8,Tstd:39.3,Bpos:91.1,Bstd:50.4,StrandBias:10.0,Multiplicity:1.00
0.667	0.331	0.001	0.001
0.767	0.231	0.001	0.001
0.001	0.001	0.386	0.612
0.001	0.001	0.808	0.190
0.001	0.001	0.001	0.997
0.001	0.001	0.997	0.001
0.648	0.001	0.350	0.001
0.997	0.001	0.001	0.001
0.001	0.585	0.413	0.001
>TCGGATAGC	19-TCGGATAGC	8.874815	-30.876525	0	T:25.0(0.80%),B:12.8(0.06%),P:1e-13	Tpos:87.7,Tstd:53.5,Bpos:83.0,Bstd:33.6,StrandBias:10.0,Multiplicity:1.12
0.001	0.001	0.075	0.923
0.001	0.997	0.001	0.001
0.051	0.001	0.897	0.051
0.001	0.001	0.997	0.001
0.797	0.051	0.001	0.151
0.001	0.001	0.001	0.997
0.947	0.001	0.051	0.001
0.001	0.112	0.886	0.001
0.075	0.923	0.001	0.001
>GTAGAGCGT	20-GTAGAGCGT	5.860162	-29.031539	0	T:185.0(5.90%),B:644.2(3.14%),P:1e-12	Tpos:80.2,Tstd:63.1,Bpos:98.1,Bstd:228.7,StrandBias:10.0,Multiplicity:1.05
0.071	0.102	0.725	0.102
0.104	0.042	0.101	0.753
0.720	0.112	0.066	0.102
0.076	0.052	0.822	0.050
0.802	0.064	0.117	0.017
0.056	0.115	0.791	0.038
0.031	0.801	0.091	0.077
0.078	0.026	0.811	0.085
0.083	0.048	0.082	0.787
>GTGCCGTTC	21-GTGCCGTTC	8.497872	-28.692063	0	T:36.0(1.15%),B:39.1(0.19%),P:1e-12	Tpos:96.2,Tstd:51.8,Bpos:83.9,Bstd:47.7,StrandBias:10.0,Multiplicity:1.00
0.059	0.001	0.939	0.001
0.060	0.362	0.041	0.537
0.001	0.040	0.958	0.001
0.001	0.997	0.001	0.001
0.090	0.769	0.090	0.051
0.071	0.001	0.927	0.001
0.001	0.001	0.040	0.958
0.001	0.001	0.001	0.997
0.060	0.908	0.031	0.001
>ACCCGCTCC	22-ACCCGCTCC	8.008689	-28.627576	0	T:31.0(0.99%),B:27.7(0.14%),P:1e-12	Tpos:107.2,Tstd:55.0,Bpos:62.0,Bstd:61.7,StrandBias:10.0,Multiplicity:1.06
0.997	0.001	0.001	0.001
0.001	0.928	0.001	0.070
0.001	0.997	0.001	0.001
0.001	0.997	0.001	0.001
0.001	0.001	0.997	0.001
0.050	0.948	0.001	0.001
0.001	0.001	0.001	0.997
0.001	0.997	0.001	0.001
0.001	0.822	0.001	0.176
>ATGCCGACG	23-ATGCCGACG	10.013252	-24.263207	0	T:12.0(0.38%),B:0.0(0.00%),P:1e-10	Tpos:64.2,Tstd:62.9,Bpos:0.0,Bstd:0.0,StrandBias:10.0,Multiplicity:1.00
0.935	0.063	0.001	0.001
0.001	0.001	0.001	0.997
0.093	0.001	0.905	0.001
0.001	0.997	0.001	0.001
0.001	0.997	0.001	0.001
0.001	0.001	0.997	0.001
0.997	0.001	0.001	0.001
0.001	0.997	0.001	0.001
0.001	0.001	0.997	0.001
>CGCGGTACC	24-CGCGGTACC	8.126601	-22.037294	0	T:52.0(1.66%),B:108.3(0.53%),P:1e-9	Tpos:81.4,Tstd:50.4,Bpos:75.9,Bstd:99.8,StrandBias:10.0,Multiplicity:1.02
0.001	0.939	0.059	0.001
0.001	0.040	0.958	0.001
0.001	0.968	0.001	0.030
0.059	0.001	0.939	0.001
0.001	0.059	0.939	0.001
0.001	0.001	0.087	0.911
0.558	0.124	0.159	0.159
0.001	0.901	0.097	0.001
0.060	0.879	0.001	0.060
>TTGATATAG	25-TTGATATAG	9.266574	-15.536769	0	T:11.0(0.35%),B:4.3(0.02%),P:1e-6	Tpos:62.2,Tstd:21.8,Bpos:85.3,Bstd:18.8,StrandBias:10.0,Multiplicity:1.00
0.100	0.100	0.100	0.700
0.100	0.100	0.100	0.700
0.100	0.100	0.700	0.100
0.700	0.100	0.100	0.100
0.100	0.100	0.100	0.700
0.700	0.100	0.100	0.100
0.100	0.100	0.100	0.700
0.700	0.100	0.100	0.100
0.100	0.100	0.700	0.100
