>CMAGGTGAGY	1-CMAGGTGAGY	5.489497	-105.658817	0	T:632.0(20.14%),B:2185.6(10.65%),P:1e-45	Tpos:107.2,Tstd:86.7,Bpos:95.0,Bstd:133.0,StrandBias:10.0,Multiplicity:1.12
0.214	0.467	0.205	0.114
0.409	0.349	0.137	0.105
0.494	0.215	0.108	0.184
0.220	0.013	0.674	0.093
0.054	0.005	0.928	0.013
0.010	0.084	0.223	0.683
0.164	0.098	0.737	0.001
0.723	0.149	0.106	0.022
0.266	0.055	0.612	0.067
0.043	0.379	0.112	0.466
>GTYSRRNYCC	2-GTYSRRNYCC	5.897058	-85.672337	0	T:104.0(3.31%),B:102.9(0.50%),P:1e-37	Tpos:100.0,Tstd:76.9,Bpos:103.6,Bstd:133.2,StrandBias:10.0,Multiplicity:1.00
0.148	0.190	0.657	0.005
0.062	0.203	0.135	0.600
0.096	0.355	0.197	0.352
0.226	0.391	0.272	0.111
0.305	0.148	0.411	0.136
0.422	0.084	0.294	0.200
0.293	0.180	0.276	0.251
0.131	0.355	0.066	0.448
0.037	0.734	0.108	0.121
0.018	0.760	0.025	0.197
>CCGCGGCGGC	3-CCGCGGCGGC	4.891530	-55.861905	0	T:383.0(12.21%),B:1371.3(6.68%),P:1e-24	Tpos:82.6,Tstd:53.9,Bpos:85.2,Bstd:196.5,StrandBias:10.0,Multiplicity:1.37
0.001	0.997	0.001	0.001
0.001	0.613	0.385	0.001
0.001	0.001	0.997	0.001
0.001	0.997	0.001	0.001
0.001	0.380	0.618	0.001
0.001	0.001	0.997	0.001
0.001	0.997	0.001	0.001
0.001	0.411	0.587	0.001
0.001	0.196	0.802	0.001
0.001	0.923	0.075	0.001
>TGGAAGAGCG	4-TGGAAGAGCG	6.697297	-52.474659	0	T:41.0(1.31%),B:17.9(0.09%),P:1e-22	Tpos:78.5,Tstd:44.0,Bpos:86.9,Bstd:72.5,StrandBias:10.0,Multiplicity:1.00
0.009	0.001	0.001	0.989
0.001	0.047	0.951	0.001
0.001	0.001	0.997	0.001
0.496	0.001	0.166	0.336
0.617	0.049	0.001	0.333
0.009	0.001	0.989	0.001
0.997	0.001	0.001	0.001
0.001	0.001	0.902	0.096
0.001	0.997	0.001	0.001
0.001	0.001	0.997	0.001
>AGAACCTGGC	5-AGAACCTGGC	7.220171	-50.002767	0	T:143.0(4.56%),B:330.0(1.61%),P:1e-21	Tpos:92.5,Tstd:71.4,Bpos:89.9,Bstd:72.8,StrandBias:10.0,Multiplicity:1.04
0.775	0.028	0.121	0.076
0.053	0.048	0.836	0.063
0.844	0.017	0.090	0.049
0.885	0.016	0.032	0.067
0.056	0.803	0.069	0.072
0.082	0.792	0.065	0.061
0.053	0.068	0.053	0.826
0.063	0.063	0.809	0.065
0.108	0.093	0.722	0.077
0.075	0.715	0.082	0.128
>CGCGCCGGGC	6-CGCGCCGGGC	10.380591	-47.722951	0	T:32.0(1.02%),B:8.9(0.04%),P:1e-20	Tpos:115.8,Tstd:85.1,Bpos:100.6,Bstd:75.3,StrandBias:10.0,Multiplicity:1.00
0.001	0.997	0.001	0.001
0.001	0.001	0.997	0.001
0.001	0.997	0.001	0.001
0.001	0.001	0.997	0.001
0.051	0.947	0.001	0.001
0.001	0.963	0.001	0.035
0.001	0.001	0.997	0.001
0.001	0.001	0.997	0.001
0.001	0.001	0.947	0.051
0.001	0.997	0.001	0.001
>GGYAGGTARS	7-GGYAGGTARS	6.631068	-46.736582	0	T:60.0(1.91%),B:65.8(0.32%),P:1e-20	Tpos:90.8,Tstd:44.5,Bpos:87.1,Bstd:81.2,StrandBias:10.0,Multiplicity:1.00
0.032	0.038	0.614	0.316
0.008	0.311	0.650	0.031
0.212	0.315	0.041	0.432
0.610	0.071	0.274	0.045
0.353	0.019	0.553	0.075
0.038	0.039	0.885	0.038
0.238	0.104	0.090	0.568
0.432	0.281	0.062	0.225
0.454	0.061	0.420	0.064
0.131	0.257	0.387	0.225
>GCTCGGTCGS	8-GCTCGGTCGS	7.764842	-46.301932	0	T:105.0(3.35%),B:205.3(1.00%),P:1e-20	Tpos:87.1,Tstd:51.2,Bpos:86.2,Bstd:120.5,StrandBias:10.0,Multiplicity:1.01
0.001	0.015	0.864	0.120
0.001	0.889	0.109	0.001
0.009	0.079	0.105	0.807
0.001	0.838	0.101	0.060
0.241	0.064	0.694	0.001
0.001	0.294	0.585	0.120
0.001	0.078	0.030	0.891
0.001	0.997	0.001	0.001
0.052	0.001	0.833	0.114
0.001	0.539	0.459	0.001
>ATCGGCGCCG	9-ATCGGCGCCG	7.234769	-46.115277	0	T:149.0(4.75%),B:372.4(1.81%),P:1e-20	Tpos:104.5,Tstd:68.7,Bpos:78.7,Bstd:136.9,StrandBias:10.0,Multiplicity:1.05
0.597	0.147	0.132	0.124
0.094	0.138	0.069	0.699
0.038	0.850	0.030	0.082
0.066	0.085	0.821	0.028
0.066	0.028	0.890	0.016
0.081	0.797	0.105	0.017
0.044	0.098	0.743	0.115
0.066	0.830	0.060	0.044
0.012	0.899	0.007	0.082
0.077	0.025	0.882	0.016
>CTGCGGCTGT	10-CTGCGGCTGT	7.253633	-45.483145	0	T:176.0(5.61%),B:488.0(2.38%),P:1e-19	Tpos:83.0,Tstd:45.7,Bpos:93.5,Bstd:134.8,StrandBias:10.0,Multiplicity:1.03
0.068	0.794	0.087	0.051
0.071	0.067	0.125	0.737
0.035	0.033	0.812	0.120
0.032	0.819	0.079	0.070
0.043	0.096	0.773	0.088
0.091	0.091	0.787	0.031
0.030	0.868	0.044	0.058
0.060	0.030	0.041	0.869
0.022	0.132	0.770	0.076
0.110	0.075	0.039	0.776
>GCMGTTGAAM	11-GCMGTTGAAM	8.419555	-44.181738	0	T:41.0(1.31%),B:26.3(0.13%),P:1e-19	Tpos:76.0,Tstd:52.9,Bpos:94.2,Bstd:63.6,StrandBias:10.0,Multiplicity:1.05
0.037	0.059	0.879	0.025
0.144	0.736	0.096	0.024
0.395	0.523	0.025	0.057
0.059	0.214	0.724	0.003
0.084	0.025	0.164	0.727
0.035	0.035	0.293	0.637
0.347	0.001	0.593	0.059
0.808	0.035	0.122	0.035
0.668	0.259	0.070	0.003
0.528	0.435	0.036	0.001
>TGTAGCGGTT	12-TGTAGCGGTT	8.230569	-42.785687	0	T:51.0(1.63%),B:50.5(0.25%),P:1e-18	Tpos:91.4,Tstd:76.0,Bpos:89.5,Bstd:83.4,StrandBias:10.0,Multiplicity:1.00
0.001	0.099	0.337	0.563
0.001	0.147	0.851	0.001
0.001	0.012	0.068	0.919
0.612	0.386	0.001	0.001
0.099	0.001	0.899	0.001
0.101	0.402	0.249	0.248
0.079	0.001	0.919	0.001
0.001	0.001	0.899	0.099
0.001	0.118	0.001	0.880
0.001	0.169	0.102	0.728
>GCGGGWGTAA	13-GCGGGWGTAA	9.728622	-41.059459	0	T:25.0(0.80%),B:4.3(0.02%),P:1e-17	Tpos:81.0,Tstd:49.3,Bpos:114.8,Bstd:29.4,StrandBias:10.0,Multiplicity:1.00
0.001	0.027	0.971	0.001
0.072	0.926	0.001	0.001
0.001	0.001	0.997	0.001
0.001	0.001	0.944	0.054
0.001	0.001	0.851	0.147
0.480	0.148	0.001	0.371
0.001	0.001	0.997	0.001
0.008	0.008	0.001	0.983
0.971	0.001	0.027	0.001
0.851	0.147	0.001	0.001
>CCGCCCGTCC	14-CCGCCCGTCC	7.653278	-39.335826	0	T:185.0(5.90%),B:565.7(2.76%),P:1e-17	Tpos:77.8,Tstd:56.7,Bpos:87.6,Bstd:143.2,StrandBias:10.0,Multiplicity:1.14
0.001	0.853	0.071	0.075
0.080	0.772	0.147	0.001
0.001	0.072	0.880	0.047
0.074	0.648	0.072	0.206
0.001	0.938	0.001	0.060
0.001	0.702	0.155	0.142
0.263	0.068	0.476	0.193
0.001	0.175	0.123	0.701
0.001	0.921	0.004	0.074
0.001	0.948	0.050	0.001
>CGGCAAGCCG	15-CGGCAAGCCG	7.850382	-39.259352	0	T:28.0(0.89%),B:9.0(0.04%),P:1e-17	Tpos:97.5,Tstd:43.9,Bpos:167.7,Bstd:45.5,StrandBias:10.0,Multiplicity:1.00
0.001	0.997	0.001	0.001
0.001	0.001	0.997	0.001
0.001	0.032	0.966	0.001
0.347	0.651	0.001	0.001
0.608	0.001	0.120	0.271
0.997	0.001	0.001	0.001
0.001	0.001	0.997	0.001
0.001	0.997	0.001	0.001
0.001	0.997	0.001	0.001
0.001	0.001	0.997	0.001
>CTCTTTGCAG	16-CTCTTTGCAG	6.807571	-38.972781	0	T:230.0(7.33%),B:775.4(3.78%),P:1e-16	Tpos:98.7,Tstd:108.3,Bpos:88.5,Bstd:85.6,StrandBias:10.0,Multiplicity:1.03
0.062	0.749	0.091	0.098
0.060	0.123	0.035	0.782
0.018	0.780	0.077	0.125
0.063	0.039	0.068	0.830
0.057	0.072	0.110	0.761
0.034	0.087	0.094	0.785
0.036	0.101	0.762	0.101
0.045	0.902	0.045	0.008
0.793	0.061	0.089	0.057
0.008	0.060	0.864	0.068
>GCAGGACGGC	17-GCAGGACGGC	9.854778	-36.718114	0	T:32.0(1.02%),B:18.7(0.09%),P:1e-15	Tpos:84.4,Tstd:39.6,Bpos:109.6,Bstd:73.6,StrandBias:10.0,Multiplicity:1.00
0.001	0.001	0.945	0.053
0.001	0.945	0.053	0.001
0.810	0.027	0.001	0.162
0.053	0.001	0.945	0.001
0.001	0.001	0.997	0.001
0.962	0.036	0.001	0.001
0.001	0.918	0.080	0.001
0.127	0.001	0.835	0.037
0.021	0.001	0.977	0.001
0.054	0.739	0.037	0.170
>AAGTGAAGAA	18-AAGTGAAGAA	10.282446	-35.847696	0	T:45.0(1.43%),B:48.1(0.23%),P:1e-15	Tpos:76.9,Tstd:77.2,Bpos:97.3,Bstd:41.6,StrandBias:10.0,Multiplicity:1.00
0.997	0.001	0.001	0.001
0.997	0.001	0.001	0.001
0.001	0.001	0.997	0.001
0.370	0.001	0.001	0.628
0.001	0.001	0.997	0.001
0.906	0.001	0.092	0.001
0.997	0.001	0.001	0.001
0.388	0.001	0.610	0.001
0.931	0.001	0.001	0.067
0.862	0.136	0.001	0.001
>GAACCGCGGC	19-GAACCGCGGC	8.531658	-32.092019	0	T:28.0(0.89%),B:17.0(0.08%),P:1e-13	Tpos:82.5,Tstd:45.0,Bpos:98.0,Bstd:60.6,StrandBias:10.0,Multiplicity:1.04
0.001	0.001	0.997	0.001
0.833	0.001	0.083	0.083
0.916	0.001	0.001	0.082
0.123	0.875	0.001	0.001
0.081	0.876	0.001	0.042
0.083	0.001	0.833	0.083
0.001	0.916	0.001	0.082
0.082	0.001	0.916	0.001
0.082	0.001	0.916	0.001
0.001	0.997	0.001	0.001
>GCGACCCGCT	20-GCGACCCGCT	10.999220	-31.194888	0	T:22.0(0.70%),B:7.2(0.03%),P:1e-13	Tpos:100.6,Tstd:55.2,Bpos:13.0,Bstd:15.4,StrandBias:10.0,Multiplicity:1.00
0.001	0.001	0.997	0.001
0.001	0.997	0.001	0.001
0.001	0.001	0.997	0.001
0.769	0.077	0.077	0.077
0.001	0.997	0.001	0.001
0.076	0.922	0.001	0.001
0.001	0.997	0.001	0.001
0.001	0.001	0.997	0.001
0.001	0.997	0.001	0.001
0.001	0.001	0.001	0.997
>CGCAGTAGGT	21-CGCAGTAGGT	7.338999	-30.876525	0	T:25.0(0.80%),B:12.7(0.06%),P:1e-13	Tpos:75.8,Tstd:59.4,Bpos:79.5,Bstd:53.4,StrandBias:10.0,Multiplicity:1.00
0.146	0.576	0.146	0.132
0.115	0.132	0.605	0.148
0.120	0.609	0.170	0.101
0.602	0.121	0.127	0.150
0.095	0.115	0.683	0.107
0.146	0.176	0.159	0.519
0.560	0.135	0.165	0.140
0.115	0.107	0.651	0.127
0.123	0.155	0.610	0.112
0.137	0.142	0.138	0.583
>CGTACCCATA	22-CGTACCCATA	11.523267	-28.310956	0	T:14.0(0.45%),B:0.0(0.00%),P:1e-12	Tpos:81.6,Tstd:68.2,Bpos:0.0,Bstd:0.0,StrandBias:10.0,Multiplicity:1.00
0.001	0.997	0.001	0.001
0.001	0.001	0.997	0.001
0.001	0.001	0.099	0.899
0.997	0.001	0.001	0.001
0.001	0.997	0.001	0.001
0.001	0.997	0.001	0.001
0.001	0.997	0.001	0.001
0.997	0.001	0.001	0.001
0.001	0.001	0.001	0.997
0.997	0.001	0.001	0.001
>CACGCGYGWG	23-CACGCGYGWG	5.368446	-24.661143	0	T:59.0(1.88%),B:123.3(0.60%),P:1e-10	Tpos:98.8,Tstd:81.4,Bpos:85.6,Bstd:101.6,StrandBias:10.0,Multiplicity:1.12
0.001	0.997	0.001	0.001
0.664	0.001	0.334	0.001
0.001	0.997	0.001	0.001
0.001	0.001	0.997	0.001
0.001	0.962	0.001	0.036
0.001	0.001	0.772	0.226
0.017	0.497	0.001	0.486
0.001	0.001	0.948	0.050
0.494	0.008	0.001	0.497
0.001	0.001	0.997	0.001
>GACGASGAGS	24-GACGASGAGS	7.905800	-23.672432	0	T:150.0(4.78%),B:523.7(2.55%),P:1e-10	Tpos:89.9,Tstd:56.2,Bpos:85.9,Bstd:99.3,StrandBias:10.0,Multiplicity:1.14
0.073	0.249	0.677	0.001
0.739	0.001	0.194	0.066
0.073	0.655	0.271	0.001
0.050	0.111	0.838	0.001
0.754	0.001	0.196	0.049
0.001	0.457	0.541	0.001
0.001	0.084	0.842	0.073
0.724	0.001	0.078	0.197
0.001	0.060	0.938	0.001
0.066	0.361	0.485	0.088
>GGCGCATCGG	25-GGCGCATCGG	7.184787	-20.045365	0	T:21.0(0.67%),B:18.4(0.09%),P:1e-8	Tpos:96.9,Tstd:50.1,Bpos:160.0,Bstd:119.5,StrandBias:10.0,Multiplicity:1.06
0.121	0.125	0.636	0.118
0.117	0.150	0.621	0.112
0.132	0.583	0.159	0.126
0.141	0.136	0.581	0.142
0.114	0.650	0.131	0.105
0.557	0.169	0.143	0.131
0.123	0.161	0.185	0.531
0.114	0.603	0.155	0.128
0.129	0.144	0.599	0.128
0.126	0.119	0.638	0.117
>GGGTTCGATTC	1-GGGTTCGATTC	7.940604	-75.073929	0	T:80.0(2.55%),B:64.7(0.32%),P:1e-32	Tpos:106.2,Tstd:83.1,Bpos:86.8,Bstd:113.2,StrandBias:10.0,Multiplicity:1.01
0.046	0.001	0.857	0.096
0.047	0.093	0.813	0.047
0.001	0.001	0.952	0.046
0.185	0.001	0.001	0.813
0.046	0.093	0.001	0.860
0.001	0.860	0.046	0.093
0.280	0.001	0.718	0.001
0.907	0.001	0.046	0.046
0.191	0.139	0.099	0.571
0.001	0.189	0.093	0.717
0.046	0.952	0.001	0.001
>GGGCGCDRAAC	2-GGGCGCDRAAC	10.466336	-61.430614	0	T:32.0(1.02%),B:1.1(0.01%),P:1e-26	Tpos:121.7,Tstd:43.4,Bpos:79.3,Bstd:28.2,StrandBias:10.0,Multiplicity:1.00
0.136	0.001	0.533	0.330
0.001	0.001	0.997	0.001
0.001	0.001	0.866	0.132
0.001	0.997	0.001	0.001
0.001	0.315	0.677	0.007
0.001	0.995	0.001	0.003
0.270	0.137	0.324	0.270
0.550	0.001	0.448	0.001
0.593	0.133	0.273	0.001
0.687	0.001	0.311	0.001
0.001	0.995	0.001	0.003
>CGGCSVWGCGR	3-CGGCSVWGCGR	7.952908	-58.377224	0	T:114.0(3.63%),B:195.5(0.95%),P:1e-25	Tpos:83.6,Tstd:60.2,Bpos:79.1,Bstd:88.3,StrandBias:10.0,Multiplicity:1.00
0.180	0.714	0.105	0.001
0.262	0.136	0.578	0.024
0.001	0.022	0.954	0.023
0.224	0.709	0.022	0.045
0.001	0.474	0.480	0.044
0.307	0.400	0.271	0.022
0.445	0.149	0.089	0.317
0.001	0.090	0.598	0.311
0.179	0.797	0.023	0.001
0.001	0.090	0.842	0.067
0.428	0.023	0.482	0.067
>CGTGGGGACCC	4-CGTGGGGACCC	9.679914	-57.093346	0	T:56.0(1.78%),B:39.2(0.19%),P:1e-24	Tpos:90.7,Tstd:52.0,Bpos:87.2,Bstd:67.1,StrandBias:10.0,Multiplicity:1.07
0.084	0.756	0.084	0.076
0.021	0.203	0.735	0.041
0.001	0.073	0.062	0.864
0.001	0.041	0.957	0.001
0.001	0.083	0.819	0.097
0.062	0.043	0.894	0.001
0.020	0.118	0.861	0.001
0.681	0.035	0.180	0.104
0.027	0.726	0.226	0.021
0.076	0.842	0.041	0.041
0.050	0.873	0.021	0.056
>HGASCCGCTCC	5-HGASCCGCTCC	8.254392	-54.375843	0	T:33.0(1.05%),B:5.6(0.03%),P:1e-23	Tpos:123.3,Tstd:57.8,Bpos:72.5,Bstd:67.5,StrandBias:10.0,Multiplicity:1.00
0.405	0.264	0.037	0.294
0.001	0.357	0.511	0.131
0.476	0.319	0.019	0.186
0.012	0.551	0.436	0.001
0.001	0.669	0.329	0.001
0.389	0.579	0.001	0.031
0.163	0.001	0.637	0.199
0.001	0.997	0.001	0.001
0.013	0.263	0.206	0.518
0.056	0.582	0.243	0.119
0.230	0.463	0.019	0.288
>GCSGCSGCSGC	6-GCSGCSGCSGC	7.542160	-54.188375	0	T:457.0(14.56%),B:1760.7(8.58%),P:1e-23	Tpos:86.0,Tstd:57.3,Bpos:81.8,Bstd:166.3,StrandBias:10.0,Multiplicity:1.53
0.001	0.270	0.724	0.005
0.097	0.670	0.151	0.082
0.209	0.316	0.446	0.028
0.001	0.027	0.971	0.001
0.008	0.990	0.001	0.001
0.120	0.384	0.427	0.069
0.001	0.162	0.836	0.001
0.117	0.680	0.118	0.085
0.138	0.406	0.428	0.027
0.027	0.344	0.616	0.013
0.154	0.557	0.231	0.058
>TAGCTCAGTCG	7-TAGCTCAGTCG	9.429125	-48.759458	0	T:40.0(1.27%),B:19.8(0.10%),P:1e-21	Tpos:67.2,Tstd:37.8,Bpos:91.4,Bstd:51.1,StrandBias:10.0,Multiplicity:1.02
0.001	0.001	0.097	0.901
0.528	0.047	0.376	0.049
0.001	0.001	0.997	0.001
0.094	0.608	0.249	0.049
0.047	0.001	0.330	0.622
0.001	0.900	0.098	0.001
0.798	0.047	0.061	0.094
0.236	0.001	0.715	0.048
0.001	0.002	0.315	0.682
0.142	0.421	0.197	0.240
0.001	0.189	0.729	0.081
>CGGMAAGCCGG	8-CGGMAAGCCGG	11.332073	-46.539588	0	T:23.0(0.73%),B:0.5(0.00%),P:1e-20	Tpos:88.7,Tstd:39.8,Bpos:34.0,Bstd:0.0,StrandBias:10.0,Multiplicity:1.00
0.001	0.997	0.001	0.001
0.001	0.001	0.997	0.001
0.001	0.001	0.997	0.001
0.447	0.551	0.001	0.001
0.685	0.001	0.078	0.236
0.997	0.001	0.001	0.001
0.001	0.001	0.997	0.001
0.001	0.997	0.001	0.001
0.054	0.867	0.078	0.001
0.001	0.001	0.997	0.001
0.001	0.001	0.997	0.001
>CCTGTCGCCGC	9-CCTGTCGCCGC	8.832234	-43.613769	0	T:79.0(2.52%),B:127.3(0.62%),P:1e-18	Tpos:90.1,Tstd:60.1,Bpos:76.9,Bstd:98.1,StrandBias:10.0,Multiplicity:1.00
0.025	0.732	0.168	0.075
0.025	0.900	0.050	0.025
0.075	0.101	0.127	0.697
0.025	0.051	0.899	0.025
0.076	0.050	0.143	0.731
0.050	0.733	0.116	0.101
0.025	0.029	0.896	0.050
0.050	0.924	0.001	0.025
0.075	0.825	0.075	0.025
0.026	0.125	0.848	0.001
0.001	0.832	0.117	0.050
>AGCGGCGGCGG	10-AGCGGCGGCGG	8.937230	-41.717807	0	T:149.0(4.75%),B:395.2(1.93%),P:1e-18	Tpos:84.7,Tstd:46.0,Bpos:92.0,Bstd:126.7,StrandBias:10.0,Multiplicity:1.02
0.910	0.021	0.040	0.029
0.001	0.001	0.958	0.040
0.024	0.858	0.030	0.088
0.107	0.041	0.769	0.083
0.001	0.058	0.892	0.049
0.077	0.696	0.097	0.130
0.166	0.041	0.722	0.071
0.091	0.069	0.839	0.001
0.068	0.754	0.069	0.109
0.116	0.001	0.698	0.185
0.001	0.023	0.935	0.041
>AKGTGAACAGC	11-AKGTGAACAGC	11.621618	-41.512325	0	T:22.0(0.70%),B:1.3(0.01%),P:1e-18	Tpos:74.9,Tstd:30.1,Bpos:91.9,Bstd:8.5,StrandBias:10.0,Multiplicity:1.09
0.997	0.001	0.001	0.001
0.001	0.001	0.443	0.555
0.001	0.001	0.997	0.001
0.001	0.001	0.001	0.997
0.001	0.001	0.943	0.055
0.997	0.001	0.001	0.001
0.997	0.001	0.001	0.001
0.055	0.943	0.001	0.001
0.997	0.001	0.001	0.001
0.001	0.001	0.997	0.001
0.055	0.943	0.001	0.001
>CGGGASGTACC	12-CGGGASGTACC	10.346346	-40.460873	0	T:20.0(0.64%),B:0.9(0.00%),P:1e-17	Tpos:72.3,Tstd:60.6,Bpos:113.3,Bstd:16.9,StrandBias:10.0,Multiplicity:1.00
0.001	0.930	0.068	0.001
0.069	0.001	0.861	0.069
0.068	0.001	0.930	0.001
0.069	0.001	0.861	0.069
0.764	0.166	0.001	0.069
0.138	0.380	0.414	0.069
0.001	0.071	0.927	0.001
0.001	0.206	0.069	0.724
0.793	0.069	0.069	0.069
0.001	0.861	0.137	0.001
0.001	0.997	0.001	0.001
>GTAAATCTCGC	13-GTAAATCTCGC	11.305912	-38.435192	0	T:19.0(0.61%),B:0.2(0.00%),P:1e-16	Tpos:65.9,Tstd:61.3,Bpos:82.0,Bstd:0.0,StrandBias:10.0,Multiplicity:1.00
0.001	0.001	0.997	0.001
0.001	0.142	0.001	0.856
0.997	0.001	0.001	0.001
0.997	0.001	0.001	0.001
0.928	0.001	0.001	0.070
0.001	0.001	0.356	0.642
0.001	0.997	0.001	0.001
0.001	0.001	0.001	0.997
0.001	0.997	0.001	0.001
0.001	0.001	0.928	0.070
0.001	0.997	0.001	0.001
>TGAGAAGGGTT	14-TGAGAAGGGTT	9.683153	-38.008817	0	T:45.0(1.43%),B:44.8(0.22%),P:1e-16	Tpos:74.8,Tstd:45.9,Bpos:84.9,Bstd:91.1,StrandBias:10.0,Multiplicity:1.00
0.001	0.001	0.177	0.821
0.001	0.001	0.997	0.001
0.927	0.001	0.001	0.071
0.002	0.001	0.996	0.001
0.506	0.138	0.250	0.106
0.597	0.114	0.178	0.111
0.105	0.001	0.893	0.001
0.001	0.001	0.997	0.001
0.001	0.123	0.787	0.089
0.001	0.253	0.001	0.745
0.001	0.001	0.273	0.725
>GCCCGTCACGS	15-GCCCGTCACGS	12.120557	-37.557244	0	T:24.0(0.76%),B:5.7(0.03%),P:1e-16	Tpos:85.0,Tstd:31.3,Bpos:122.0,Bstd:0.0,StrandBias:10.0,Multiplicity:1.00
0.001	0.001	0.997	0.001
0.001	0.997	0.001	0.001
0.001	0.997	0.001	0.001
0.001	0.661	0.001	0.337
0.001	0.001	0.997	0.001
0.001	0.307	0.174	0.518
0.001	0.997	0.001	0.001
0.997	0.001	0.001	0.001
0.001	0.997	0.001	0.001
0.001	0.001	0.845	0.153
0.001	0.538	0.460	0.001
>AGCCAGATGCC	16-AGCCAGATGCC	8.817344	-37.165800	0	T:55.0(1.75%),B:72.5(0.35%),P:1e-16	Tpos:82.2,Tstd:64.3,Bpos:113.8,Bstd:136.6,StrandBias:10.0,Multiplicity:1.00
0.736	0.088	0.044	0.132
0.066	0.066	0.801	0.067
0.089	0.849	0.040	0.022
0.044	0.911	0.044	0.001
0.844	0.110	0.015	0.031
0.093	0.066	0.840	0.001
0.785	0.060	0.088	0.067
0.057	0.103	0.160	0.680
0.074	0.045	0.793	0.088
0.059	0.875	0.022	0.044
0.059	0.896	0.001	0.044
>HGCAGTARGKC	17-HGCAGTARGKC	9.323180	-32.423815	0	T:35.0(1.12%),B:30.3(0.15%),P:1e-14	Tpos:62.0,Tstd:46.6,Bpos:111.7,Bstd:173.8,StrandBias:10.0,Multiplicity:1.00
0.326	0.342	0.001	0.331
0.001	0.001	0.997	0.001
0.001	0.997	0.001	0.001
0.833	0.001	0.001	0.165
0.001	0.001	0.997	0.001
0.080	0.086	0.104	0.730
0.915	0.001	0.083	0.001
0.400	0.001	0.514	0.085
0.001	0.160	0.672	0.167
0.080	0.006	0.405	0.509
0.005	0.745	0.249	0.001
>GCCGTTCMVAA	18-GCCGTTCMVAA	9.974398	-31.737612	0	T:23.0(0.73%),B:8.9(0.04%),P:1e-13	Tpos:91.5,Tstd:56.3,Bpos:82.1,Bstd:23.3,StrandBias:10.0,Multiplicity:1.00
0.001	0.134	0.864	0.001
0.005	0.993	0.001	0.001
0.001	0.863	0.001	0.135
0.064	0.391	0.544	0.001
0.001	0.135	0.001	0.863
0.001	0.193	0.129	0.677
0.001	0.612	0.386	0.001
0.452	0.464	0.001	0.084
0.387	0.259	0.276	0.077
0.530	0.334	0.135	0.001
0.853	0.145	0.001	0.001
>AGTCGGAATCC	19-AGTCGGAATCC	10.270915	-29.509195	0	T:17.0(0.54%),B:2.0(0.01%),P:1e-12	Tpos:85.1,Tstd:32.9,Bpos:82.4,Bstd:24.2,StrandBias:10.0,Multiplicity:1.00
0.805	0.001	0.146	0.048
0.048	0.146	0.805	0.001
0.049	0.051	0.098	0.802
0.001	0.657	0.243	0.099
0.108	0.001	0.794	0.097
0.145	0.001	0.853	0.001
0.804	0.049	0.098	0.049
0.854	0.001	0.048	0.097
0.001	0.048	0.048	0.903
0.001	0.950	0.001	0.048
0.049	0.804	0.049	0.098
>CCGCCACCCTC	20-CCGCCACCCTC	11.107033	-25.717526	0	T:64.0(2.04%),B:137.5(0.67%),P:1e-11	Tpos:86.5,Tstd:55.8,Bpos:88.9,Bstd:136.0,StrandBias:10.0,Multiplicity:1.02
0.001	0.997	0.001	0.001
0.001	0.997	0.001	0.001
0.403	0.001	0.595	0.001
0.001	0.997	0.001	0.001
0.001	0.997	0.001	0.001
0.642	0.001	0.356	0.001
0.001	0.997	0.001	0.001
0.001	0.997	0.001	0.001
0.254	0.456	0.001	0.289
0.001	0.259	0.217	0.523
0.001	0.997	0.001	0.001
>CCGAGTCGGCG	21-CCGAGTCGGCG	8.769969	-25.301394	0	T:26.0(0.83%),B:21.7(0.11%),P:1e-10	Tpos:65.7,Tstd:47.4,Bpos:92.7,Bstd:35.0,StrandBias:10.0,Multiplicity:1.00
0.034	0.784	0.136	0.046
0.084	0.624	0.155	0.137
0.070	0.064	0.810	0.056
0.691	0.110	0.131	0.068
0.061	0.111	0.801	0.027
0.106	0.177	0.106	0.611
0.046	0.749	0.136	0.069
0.086	0.159	0.700	0.055
0.037	0.134	0.764	0.065
0.117	0.664	0.143	0.076
0.061	0.077	0.805	0.057
>TGTGATTTCTG	22-TGTGATTTCTG	12.906556	-24.263207	0	T:12.0(0.38%),B:1.0(0.00%),P:1e-10	Tpos:53.8,Tstd:38.3,Bpos:120.3,Bstd:7.0,StrandBias:10.0,Multiplicity:1.00
0.001	0.001	0.001	0.997
0.001	0.001	0.997	0.001
0.001	0.001	0.001	0.997
0.001	0.001	0.997	0.001
0.997	0.001	0.001	0.001
0.001	0.001	0.001	0.997
0.001	0.001	0.001	0.997
0.001	0.001	0.001	0.997
0.099	0.899	0.001	0.001
0.001	0.001	0.001	0.997
0.001	0.001	0.997	0.001
>CCCGTCCRTCC	23-CCCGTCCRTCC	10.570509	-24.260384	0	T:18.0(0.57%),B:7.5(0.04%),P:1e-10	Tpos:55.0,Tstd:40.4,Bpos:81.6,Bstd:30.3,StrandBias:10.0,Multiplicity:1.00
0.001	0.819	0.001	0.179
0.001	0.796	0.202	0.001
0.001	0.997	0.001	0.001
0.001	0.420	0.578	0.001
0.001	0.001	0.001	0.997
0.001	0.997	0.001	0.001
0.001	0.997	0.001	0.001
0.544	0.001	0.454	0.001
0.001	0.001	0.001	0.997
0.001	0.997	0.001	0.001
0.001	0.997	0.001	0.001
>GCGCCACGCGC	24-GCGCCACGCGC	9.059962	-23.039270	0	T:33.0(1.05%),B:43.5(0.21%),P:1e-10	Tpos:90.7,Tstd:48.5,Bpos:101.1,Bstd:136.2,StrandBias:10.0,Multiplicity:1.15
0.055	0.145	0.711	0.089
0.068	0.773	0.113	0.046
0.079	0.080	0.727	0.114
0.053	0.804	0.077	0.066
0.061	0.787	0.108	0.044
0.542	0.184	0.191	0.083
0.093	0.710	0.118	0.079
0.058	0.107	0.766	0.069
0.094	0.702	0.122	0.082
0.063	0.113	0.688	0.136
0.041	0.793	0.134	0.032
>AGCGTCGCGCT	25-AGCGTCGCGCT	9.379902	-22.239749	0	T:11.0(0.35%),B:0.0(0.00%),P:1e-9	Tpos:72.3,Tstd:45.4,Bpos:0.0,Bstd:0.0,StrandBias:10.0,Multiplicity:1.00
0.700	0.100	0.100	0.100
0.100	0.100	0.700	0.100
0.100	0.700	0.100	0.100
0.100	0.100	0.700	0.100
0.100	0.100	0.100	0.700
0.100	0.700	0.100	0.100
0.100	0.100	0.700	0.100
0.100	0.700	0.100	0.100
0.100	0.100	0.700	0.100
0.100	0.700	0.100	0.100
0.100	0.100	0.100	0.700
>GGGTTCRATTCC	1-GGGTTCRATTCC	10.038637	-90.562801	0	T:65.0(2.07%),B:20.6(0.10%),P:1e-39	Tpos:111.3,Tstd:90.3,Bpos:98.4,Bstd:174.5,StrandBias:10.0,Multiplicity:1.00
0.060	0.001	0.814	0.125
0.001	0.001	0.997	0.001
0.001	0.001	0.997	0.001
0.181	0.060	0.001	0.758
0.060	0.060	0.001	0.879
0.060	0.818	0.121	0.001
0.425	0.001	0.573	0.001
0.879	0.001	0.060	0.060
0.188	0.121	0.069	0.622
0.001	0.185	0.121	0.693
0.001	0.997	0.001	0.001
0.001	0.997	0.001	0.001
>CCMAGGTGAACA	2-CCMAGGTGAACA	10.674017	-67.825875	0	T:39.0(1.24%),B:4.9(0.02%),P:1e-29	Tpos:86.4,Tstd:76.1,Bpos:126.4,Bstd:56.7,StrandBias:10.0,Multiplicity:1.03
0.001	0.818	0.001	0.180
0.001	0.912	0.086	0.001
0.521	0.374	0.001	0.104
0.981	0.001	0.017	0.001
0.001	0.001	0.818	0.180
0.001	0.001	0.997	0.001
0.001	0.001	0.001	0.997
0.086	0.001	0.912	0.001
0.634	0.364	0.001	0.001
0.997	0.001	0.001	0.001
0.086	0.912	0.001	0.001
0.912	0.086	0.001	0.001
>SCGGCGCCGCCG	3-SCGGCGCCGCCG	6.257934	-61.030113	0	T:622.0(19.82%),B:2554.6(12.44%),P:1e-26	Tpos:85.2,Tstd:58.8,Bpos:83.9,Bstd:184.3,StrandBias:10.0,Multiplicity:1.36
0.131	0.426	0.319	0.123
0.070	0.795	0.075	0.060
0.043	0.157	0.739	0.061
0.067	0.195	0.677	0.061
0.102	0.726	0.018	0.154
0.030	0.062	0.713	0.195
0.040	0.685	0.185	0.090
0.023	0.791	0.123	0.063
0.020	0.007	0.843	0.130
0.134	0.554	0.224	0.088
0.077	0.607	0.315	0.001
0.130	0.040	0.724	0.106
>TGGACATGGAAG	4-TGGACATGGAAG	11.715696	-46.539588	0	T:23.0(0.73%),B:1.0(0.00%),P:1e-20	Tpos:82.1,Tstd:32.9,Bpos:155.4,Bstd:63.4,StrandBias:10.0,Multiplicity:1.00
0.006	0.200	0.001	0.793
0.147	0.001	0.851	0.001
0.258	0.064	0.677	0.001
0.840	0.147	0.012	0.001
0.001	0.871	0.064	0.064
0.736	0.129	0.065	0.070
0.001	0.001	0.398	0.600
0.070	0.065	0.800	0.065
0.001	0.001	0.934	0.064
0.800	0.065	0.065	0.070
0.604	0.393	0.002	0.001
0.001	0.205	0.793	0.001
>TTCGTGGGGAAC	5-TTCGTGGGGAAC	7.796101	-44.834551	0	T:27.0(0.86%),B:4.1(0.02%),P:1e-19	Tpos:109.9,Tstd:48.5,Bpos:102.3,Bstd:23.0,StrandBias:10.0,Multiplicity:1.00
0.001	0.053	0.001	0.945
0.001	0.001	0.001	0.997
0.001	0.997	0.001	0.001
0.001	0.001	0.997	0.001
0.001	0.001	0.001	0.997
0.001	0.001	0.997	0.001
0.001	0.001	0.997	0.001
0.001	0.001	0.997	0.001
0.001	0.001	0.997	0.001
0.945	0.001	0.053	0.001
0.945	0.001	0.053	0.001
0.001	0.997	0.001	0.001
>TGCAGTACAGCA	6-TGCAGTACAGCA	10.410451	-43.718631	0	T:29.0(0.92%),B:8.0(0.04%),P:1e-18	Tpos:110.9,Tstd:113.0,Bpos:87.2,Bstd:25.6,StrandBias:10.0,Multiplicity:1.03
0.162	0.001	0.108	0.729
0.001	0.001	0.891	0.107
0.001	0.945	0.053	0.001
0.891	0.001	0.001	0.107
0.108	0.054	0.730	0.108
0.111	0.054	0.108	0.727
0.945	0.001	0.001	0.053
0.054	0.891	0.054	0.001
0.837	0.054	0.001	0.108
0.054	0.054	0.784	0.108
0.054	0.889	0.001	0.056
0.781	0.001	0.162	0.056
>SGCGGCSGCSSC	7-SGCGGCSGCSSC	8.145321	-43.122376	0	T:421.0(13.42%),B:1692.9(8.25%),P:1e-18	Tpos:87.8,Tstd:57.8,Bpos:80.1,Bstd:155.7,StrandBias:10.0,Multiplicity:1.50
0.107	0.434	0.401	0.058
0.026	0.369	0.604	0.001
0.083	0.603	0.313	0.001
0.123	0.348	0.528	0.001
0.001	0.365	0.633	0.001
0.077	0.921	0.001	0.001
0.088	0.407	0.471	0.033
0.001	0.280	0.718	0.001
0.071	0.616	0.312	0.001
0.086	0.491	0.412	0.010
0.001	0.457	0.541	0.001
0.061	0.566	0.334	0.039
>TGCAKGCCGAVG	8-TGCAKGCCGAVG	11.235969	-40.460873	0	T:20.0(0.64%),B:0.8(0.00%),P:1e-17	Tpos:66.3,Tstd:51.8,Bpos:75.9,Bstd:12.6,StrandBias:10.0,Multiplicity:1.00
0.222	0.096	0.084	0.598
0.328	0.008	0.580	0.084
0.220	0.778	0.001	0.001
0.823	0.085	0.005	0.087
0.001	0.001	0.502	0.496
0.006	0.006	0.987	0.001
0.002	0.908	0.088	0.002
0.004	0.992	0.002	0.002
0.141	0.087	0.771	0.001
0.741	0.167	0.088	0.004
0.340	0.328	0.330	0.002
0.002	0.166	0.830	0.002
>SCTGTTGRCTTT	9-SCTGTTGRCTTT	10.010989	-40.454452	0	T:41.0(1.31%),B:31.5(0.15%),P:1e-17	Tpos:92.0,Tstd:36.9,Bpos:93.9,Bstd:33.4,StrandBias:10.0,Multiplicity:1.05
0.115	0.332	0.432	0.120
0.001	0.997	0.001	0.001
0.001	0.001	0.001	0.997
0.001	0.001	0.997	0.001
0.001	0.001	0.228	0.770
0.414	0.001	0.001	0.584
0.001	0.001	0.997	0.001
0.441	0.001	0.449	0.109
0.001	0.649	0.109	0.241
0.001	0.001	0.001	0.997
0.001	0.001	0.331	0.667
0.183	0.132	0.001	0.684
>TTCAGCCCGTCC	10-TTCAGCCCGTCC	9.969985	-38.435192	0	T:19.0(0.61%),B:0.7(0.00%),P:1e-16	Tpos:61.1,Tstd:38.0,Bpos:32.9,Bstd:3.6,StrandBias:10.0,Multiplicity:1.00
0.001	0.001	0.329	0.669
0.001	0.001	0.001	0.997
0.001	0.997	0.001	0.001
0.814	0.051	0.001	0.134
0.001	0.134	0.864	0.001
0.001	0.662	0.001	0.336
0.001	0.997	0.001	0.001
0.001	0.847	0.151	0.001
0.001	0.001	0.997	0.001
0.001	0.001	0.001	0.997
0.001	0.997	0.001	0.001
0.001	0.997	0.001	0.001
>RTAGCTCAGTKG	11-RTAGCTCAGTKG	8.073821	-36.930021	0	T:28.0(0.89%),B:11.5(0.06%),P:1e-16	Tpos:61.8,Tstd:39.0,Bpos:132.1,Bstd:154.0,StrandBias:10.0,Multiplicity:1.04
0.507	0.012	0.358	0.123
0.001	0.001	0.001	0.997
0.993	0.001	0.005	0.001
0.001	0.117	0.881	0.001
0.001	0.997	0.001	0.001
0.001	0.001	0.117	0.881
0.001	0.997	0.001	0.001
0.997	0.001	0.001	0.001
0.001	0.001	0.997	0.001
0.001	0.117	0.235	0.647
0.001	0.153	0.358	0.488
0.001	0.001	0.997	0.001
>ATGGGCGAGCGC	12-ATGGGCGAGCGC	10.052954	-36.930021	0	T:28.0(0.89%),B:11.7(0.06%),P:1e-16	Tpos:92.6,Tstd:57.2,Bpos:78.0,Bstd:92.5,StrandBias:10.0,Multiplicity:1.00
0.606	0.292	0.095	0.007
0.001	0.001	0.094	0.904
0.001	0.001	0.997	0.001
0.285	0.001	0.619	0.095
0.001	0.095	0.809	0.095
0.190	0.714	0.001	0.095
0.001	0.094	0.904	0.001
0.997	0.001	0.001	0.001
0.001	0.001	0.904	0.094
0.189	0.809	0.001	0.001
0.095	0.095	0.809	0.001
0.001	0.997	0.001	0.001
>CGCAGTAGGTCT	13-CGCAGTAGGTCT	11.454732	-34.384663	0	T:17.0(0.54%),B:0.5(0.00%),P:1e-14	Tpos:64.1,Tstd:58.6,Bpos:73.0,Bstd:25.8,StrandBias:10.0,Multiplicity:1.00
0.108	0.890	0.001	0.001
0.109	0.109	0.708	0.074
0.001	0.997	0.001	0.001
0.997	0.001	0.001	0.001
0.001	0.001	0.997	0.001
0.109	0.226	0.001	0.664
0.781	0.001	0.109	0.109
0.001	0.001	0.997	0.001
0.001	0.217	0.777	0.005
0.001	0.001	0.001	0.997
0.109	0.673	0.109	0.109
0.001	0.217	0.217	0.565
>SGGNCYGMGGCC	14-SGGNCYGMGGCC	7.118994	-33.598877	0	T:18.0(0.57%),B:1.9(0.01%),P:1e-14	Tpos:138.2,Tstd:77.6,Bpos:138.9,Bstd:85.5,StrandBias:10.0,Multiplicity:1.00
0.212	0.371	0.262	0.155
0.187	0.167	0.437	0.209
0.018	0.395	0.564	0.023
0.169	0.266	0.268	0.297
0.008	0.545	0.283	0.164
0.174	0.249	0.199	0.378
0.025	0.321	0.642	0.012
0.388	0.248	0.179	0.185
0.024	0.025	0.921	0.030
0.134	0.258	0.591	0.017
0.234	0.472	0.283	0.012
0.152	0.396	0.210	0.242
>AGCCAGATGCCT	15-AGCCAGATGCCT	9.001319	-33.569202	0	T:57.0(1.82%),B:87.9(0.43%),P:1e-14	Tpos:90.9,Tstd:59.7,Bpos:116.1,Bstd:114.3,StrandBias:10.0,Multiplicity:1.02
0.783	0.001	0.001	0.215
0.004	0.004	0.934	0.058
0.166	0.726	0.054	0.054
0.001	0.945	0.053	0.001
0.884	0.061	0.054	0.001
0.336	0.054	0.609	0.001
0.672	0.054	0.166	0.108
0.057	0.001	0.220	0.722
0.001	0.115	0.830	0.054
0.001	0.945	0.053	0.001
0.108	0.837	0.001	0.054
0.109	0.331	0.058	0.502
>AATGGATGGCGC	16-AATGGATGGCGC	9.495265	-32.748615	0	T:30.0(0.96%),B:19.3(0.09%),P:1e-14	Tpos:87.9,Tstd:43.3,Bpos:56.7,Bstd:57.4,StrandBias:10.0,Multiplicity:1.00
0.765	0.117	0.117	0.001
0.764	0.234	0.001	0.001
0.001	0.001	0.117	0.881
0.001	0.001	0.997	0.001
0.117	0.117	0.765	0.001
0.997	0.001	0.001	0.001
0.117	0.001	0.117	0.765
0.243	0.001	0.755	0.001
0.117	0.001	0.881	0.001
0.126	0.747	0.126	0.001
0.117	0.001	0.881	0.001
0.001	0.881	0.117	0.001
>CAATGAAGGCVA	17-CAATGAAGGCVA	9.603089	-32.271455	0	T:34.0(1.08%),B:28.8(0.14%),P:1e-14	Tpos:74.7,Tstd:36.5,Bpos:85.5,Bstd:47.1,StrandBias:10.0,Multiplicity:1.00
0.159	0.748	0.092	0.001
0.985	0.001	0.001	0.013
0.710	0.276	0.013	0.001
0.154	0.001	0.289	0.556
0.001	0.390	0.608	0.001
0.616	0.031	0.159	0.194
0.997	0.001	0.001	0.001
0.109	0.001	0.889	0.001
0.001	0.014	0.884	0.101
0.001	0.603	0.001	0.395
0.379	0.247	0.281	0.092
0.656	0.001	0.342	0.001
>ACCACTAGTCTG	18-ACCACTAGTCTG	8.292323	-31.726379	0	T:20.0(0.64%),B:4.0(0.02%),P:1e-13	Tpos:79.0,Tstd:49.2,Bpos:94.8,Bstd:31.3,StrandBias:10.0,Multiplicity:1.00
0.600	0.001	0.001	0.398
0.398	0.600	0.001	0.001
0.001	0.997	0.001	0.001
0.997	0.001	0.001	0.001
0.001	0.997	0.001	0.001
0.001	0.162	0.001	0.836
0.862	0.135	0.002	0.001
0.162	0.038	0.799	0.001
0.001	0.001	0.001	0.997
0.001	0.808	0.001	0.190
0.001	0.001	0.001	0.997
0.001	0.001	0.997	0.001
>TACTCTGAGACC	19-TACTCTGAGACC	11.185552	-31.194888	0	T:22.0(0.70%),B:7.2(0.04%),P:1e-13	Tpos:98.1,Tstd:86.4,Bpos:91.0,Bstd:38.4,StrandBias:10.0,Multiplicity:1.00
0.153	0.001	0.001	0.845
0.997	0.001	0.001	0.001
0.001	0.693	0.153	0.153
0.009	0.001	0.001	0.989
0.001	0.693	0.153	0.153
0.001	0.001	0.153	0.845
0.001	0.058	0.788	0.153
0.693	0.001	0.153	0.153
0.153	0.001	0.845	0.001
0.997	0.001	0.001	0.001
0.153	0.693	0.001	0.153
0.001	0.997	0.001	0.001
>GTCGGCNAGCSG	20-GTCGGCNAGCSG	9.754350	-30.695056	0	T:21.0(0.67%),B:6.9(0.03%),P:1e-13	Tpos:94.5,Tstd:50.9,Bpos:54.0,Bstd:18.3,StrandBias:10.0,Multiplicity:1.00
0.001	0.221	0.777	0.001
0.001	0.001	0.001	0.997
0.001	0.777	0.221	0.001
0.001	0.001	0.997	0.001
0.001	0.001	0.997	0.001
0.001	0.997	0.001	0.001
0.321	0.222	0.236	0.222
0.985	0.001	0.013	0.001
0.001	0.001	0.997	0.001
0.001	0.777	0.001	0.221
0.001	0.555	0.443	0.001
0.001	0.001	0.997	0.001
>AGTTGAACATGG	21-AGTTGAACATGG	10.611589	-29.443022	0	T:21.0(0.67%),B:7.0(0.03%),P:1e-12	Tpos:82.9,Tstd:39.4,Bpos:111.2,Bstd:34.1,StrandBias:10.0,Multiplicity:1.10
0.871	0.001	0.064	0.064
0.001	0.064	0.934	0.001
0.001	0.064	0.129	0.806
0.001	0.001	0.001	0.997
0.001	0.064	0.934	0.001
0.739	0.193	0.067	0.001
0.871	0.001	0.064	0.064
0.193	0.610	0.132	0.065
0.805	0.065	0.065	0.065
0.193	0.001	0.064	0.742
0.064	0.001	0.932	0.003
0.065	0.065	0.805	0.065
>AACAACTCACCT	22-AACAACTCACCT	10.051294	-29.239023	0	T:24.0(0.76%),B:12.6(0.06%),P:1e-12	Tpos:96.0,Tstd:36.2,Bpos:95.7,Bstd:27.2,StrandBias:10.0,Multiplicity:1.00
0.997	0.001	0.001	0.001
0.986	0.012	0.001	0.001
0.221	0.777	0.001	0.001
0.997	0.001	0.001	0.001
0.765	0.001	0.233	0.001
0.221	0.777	0.001	0.001
0.222	0.012	0.001	0.765
0.001	0.997	0.001	0.001
0.777	0.001	0.001	0.221
0.001	0.765	0.012	0.222
0.001	0.997	0.001	0.001
0.222	0.222	0.001	0.555
>TAGTATAGTGGT	23-TAGTATAGTGGT	10.273941	-28.918631	0	T:20.0(0.64%),B:6.3(0.03%),P:1e-12	Tpos:65.5,Tstd:51.5,Bpos:103.6,Bstd:58.9,StrandBias:10.0,Multiplicity:1.00
0.001	0.001	0.001	0.997
0.757	0.001	0.241	0.001
0.001	0.001	0.997	0.001
0.001	0.001	0.001	0.997
0.671	0.022	0.298	0.009
0.001	0.001	0.001	0.997
0.903	0.001	0.095	0.001
0.095	0.001	0.903	0.001
0.001	0.001	0.001	0.997
0.001	0.001	0.997	0.001
0.001	0.001	0.997	0.001
0.001	0.001	0.001	0.997
>TGAACGAGGCCC	24-TGAACGAGGCCC	10.128224	-28.637094	0	T:39.0(1.24%),B:47.4(0.23%),P:1e-12	Tpos:100.2,Tstd:58.2,Bpos:119.1,Bstd:177.8,StrandBias:10.0,Multiplicity:1.00
0.069	0.001	0.069	0.861
0.001	0.068	0.930	0.001
0.651	0.210	0.138	0.001
0.631	0.069	0.141	0.159
0.001	0.655	0.275	0.069
0.001	0.137	0.861	0.001
0.997	0.001	0.001	0.001
0.068	0.001	0.930	0.001
0.069	0.138	0.792	0.001
0.140	0.858	0.001	0.001
0.001	0.997	0.001	0.001
0.003	0.858	0.001	0.138
>GACCCGGCGAGG	25-GACCCGGCGAGG	11.075824	-23.890418	0	T:19.0(0.61%),B:9.6(0.05%),P:1e-10	Tpos:89.0,Tstd:51.9,Bpos:134.3,Bstd:42.8,StrandBias:10.0,Multiplicity:1.05
0.001	0.053	0.945	0.001
0.727	0.054	0.057	0.162
0.001	0.943	0.054	0.002
0.054	0.838	0.054	0.054
0.001	0.945	0.001	0.053
0.108	0.108	0.622	0.162
0.054	0.108	0.784	0.054
0.108	0.604	0.219	0.069
0.001	0.001	0.945	0.053
0.835	0.057	0.054	0.054
0.108	0.001	0.837	0.054
0.001	0.001	0.997	0.001
>CGTAG	1-CGTAG	0.083295	-63.180976	0	T:1219.0(38.85%),B:5954.2(29.01%),P:1e-27	Tpos:97.9,Tstd:80.3,Bpos:89.9,Bstd:110.8,StrandBias:10.0,Multiplicity:1.33
0.001	0.879	0.119	0.001
0.001	0.001	0.997	0.001
0.001	0.001	0.001	0.997
0.997	0.001	0.001	0.001
0.009	0.061	0.882	0.048
>CCGGT	2-CCGGT	1.131809	-49.241608	0	T:1723.0(54.91%),B:9381.5(45.70%),P:1e-21	Tpos:90.7,Tstd:88.2,Bpos:87.2,Bstd:115.3,StrandBias:10.0,Multiplicity:1.43
0.001	0.997	0.001	0.001
0.001	0.982	0.001	0.016
0.001	0.001	0.997	0.001
0.001	0.037	0.771	0.191
0.001	0.001	0.001	0.997
>TGGAC	3-TGGAC	5.765034	-48.984745	0	T:1100.0(35.05%),B:5472.2(26.66%),P:1e-21	Tpos:98.7,Tstd:94.0,Bpos:90.5,Bstd:115.6,StrandBias:10.0,Multiplicity:1.31
0.345	0.001	0.001	0.653
0.087	0.001	0.911	0.001
0.001	0.001	0.997	0.001
0.997	0.001	0.001	0.001
0.001	0.997	0.001	0.001
>CGSCG	4-CGSCG	4.106042	-45.833324	0	T:1106.0(35.25%),B:5565.9(27.11%),P:1e-19	Tpos:88.1,Tstd:67.8,Bpos:84.9,Bstd:176.9,StrandBias:10.0,Multiplicity:2.69
0.001	0.997	0.001	0.001
0.001	0.001	0.997	0.001
0.084	0.489	0.368	0.060
0.001	0.997	0.001	0.001
0.001	0.001	0.997	0.001
>CGTTG	5-CGTTG	2.514744	-42.648433	0	T:877.0(27.95%),B:4254.9(20.73%),P:1e-18	Tpos:96.7,Tstd:94.2,Bpos:85.7,Bstd:86.8,StrandBias:10.0,Multiplicity:1.20
0.131	0.867	0.001	0.001
0.001	0.001	0.997	0.001
0.001	0.001	0.001	0.997
0.001	0.093	0.001	0.905
0.001	0.001	0.997	0.001
>GAACG	6-GAACG	-0.407452	-42.335136	0	T:2632.0(83.88%),B:15812.8(77.03%),P:1e-18	Tpos:96.6,Tstd:97.9,Bpos:86.7,Bstd:99.5,StrandBias:10.0,Multiplicity:2.29
0.001	0.001	0.997	0.001
0.806	0.001	0.001	0.192
0.811	0.159	0.001	0.029
0.001	0.997	0.001	0.001
0.001	0.001	0.997	0.001
>GCAGC	7-GCAGC	6.035145	-27.971006	0	T:1522.0(48.50%),B:8569.4(41.75%),P:1e-12	Tpos:89.4,Tstd:62.3,Bpos:88.5,Bstd:136.3,StrandBias:10.0,Multiplicity:1.62
0.001	0.001	0.997	0.001
0.001	0.585	0.413	0.001
0.997	0.001	0.001	0.001
0.001	0.001	0.997	0.001
0.001	0.997	0.001	0.001
>CGAAT	8-CGAAT	5.148096	-20.515668	0	T:141.0(4.49%),B:508.1(2.48%),P:1e-8	Tpos:137.8,Tstd:215.2,Bpos:92.4,Bstd:80.2,StrandBias:10.0,Multiplicity:1.01
0.100	0.700	0.100	0.100
0.100	0.100	0.700	0.100
0.700	0.100	0.100	0.100
0.700	0.100	0.100	0.100
0.100	0.100	0.100	0.700
>GGTAAG	1-GGTAAG	5.446572	-102.608110	0	T:601.0(19.15%),B:2056.4(10.02%),P:1e-44	Tpos:111.2,Tstd:71.9,Bpos:89.0,Bstd:104.0,StrandBias:10.0,Multiplicity:1.06
0.001	0.001	0.997	0.001
0.001	0.001	0.997	0.001
0.001	0.001	0.001	0.997
0.623	0.001	0.375	0.001
0.906	0.001	0.001	0.092
0.001	0.001	0.997	0.001
>CGATGA	2-CGATGA	5.120280	-68.882910	0	T:619.0(19.73%),B:2452.8(11.95%),P:1e-29	Tpos:87.0,Tstd:66.8,Bpos:84.1,Bstd:105.8,StrandBias:10.0,Multiplicity:1.22
0.001	0.732	0.001	0.266
0.103	0.032	0.801	0.064
0.934	0.064	0.001	0.001
0.001	0.173	0.193	0.633
0.020	0.001	0.965	0.014
0.950	0.032	0.001	0.017
>CGTTCG	3-CGTTCG	4.377699	-59.161211	0	T:526.0(16.76%),B:2066.3(10.07%),P:1e-25	Tpos:87.1,Tstd:56.7,Bpos:81.7,Bstd:103.4,StrandBias:10.0,Multiplicity:1.19
0.001	0.637	0.294	0.068
0.073	0.001	0.925	0.001
0.001	0.090	0.001	0.908
0.073	0.045	0.001	0.881
0.060	0.842	0.097	0.001
0.049	0.060	0.860	0.031
>GGTACC	4-GGTACC	4.294196	-58.401876	0	T:843.0(26.86%),B:3813.6(18.58%),P:1e-25	Tpos:91.0,Tstd:74.1,Bpos:91.2,Bstd:102.3,StrandBias:10.0,Multiplicity:1.17
0.043	0.092	0.864	0.001
0.052	0.135	0.812	0.001
0.071	0.001	0.001	0.927
0.785	0.001	0.001	0.213
0.044	0.772	0.129	0.055
0.086	0.912	0.001	0.001
>CGKCGS	5-CGKCGS	3.908685	-48.788056	0	T:1036.0(33.01%),B:5091.3(24.80%),P:1e-21	Tpos:88.6,Tstd:68.8,Bpos:85.9,Bstd:180.6,StrandBias:10.0,Multiplicity:2.54
0.085	0.831	0.063	0.021
0.138	0.053	0.754	0.055
0.088	0.224	0.277	0.411
0.108	0.791	0.050	0.051
0.040	0.137	0.822	0.001
0.208	0.294	0.397	0.101
>TGACTG	6-TGACTG	5.144211	-47.152308	0	T:762.0(24.28%),B:3514.7(17.12%),P:1e-20	Tpos:94.3,Tstd:76.9,Bpos:87.2,Bstd:95.1,StrandBias:10.0,Multiplicity:1.20
0.001	0.001	0.134	0.864
0.134	0.001	0.864	0.001
0.997	0.001	0.001	0.001
0.001	0.714	0.160	0.125
0.001	0.079	0.001	0.919
0.001	0.001	0.997	0.001
>AGCAGC	7-AGCAGC	4.621736	-44.431000	0	T:719.0(22.91%),B:3310.9(16.13%),P:1e-19	Tpos:94.8,Tstd:86.4,Bpos:88.6,Bstd:117.3,StrandBias:10.0,Multiplicity:1.31
0.997	0.001	0.001	0.001
0.159	0.001	0.839	0.001
0.001	0.997	0.001	0.001
0.840	0.001	0.158	0.001
0.001	0.001	0.997	0.001
0.001	0.997	0.001	0.001
>TGGACA	8-TGGACA	5.169910	-44.123762	0	T:786.0(25.05%),B:3699.9(18.02%),P:1e-19	Tpos:96.9,Tstd:91.4,Bpos:94.2,Bstd:108.8,StrandBias:10.0,Multiplicity:1.20
0.001	0.001	0.001	0.997
0.087	0.039	0.873	0.001
0.118	0.001	0.880	0.001
0.997	0.001	0.001	0.001
0.001	0.997	0.001	0.001
0.566	0.194	0.126	0.114
>TGCTRC	9-TGCTRC	4.241007	-41.878956	0	T:1164.0(37.09%),B:5994.7(29.20%),P:1e-18	Tpos:94.5,Tstd:94.9,Bpos:90.5,Bstd:105.2,StrandBias:10.0,Multiplicity:1.36
0.001	0.001	0.001	0.997
0.001	0.058	0.940	0.001
0.001	0.975	0.001	0.023
0.001	0.001	0.086	0.912
0.447	0.001	0.349	0.203
0.001	0.738	0.001	0.260
>AGTCGG	10-AGTCGG	5.581568	-35.144522	0	T:257.0(8.19%),B:939.2(4.58%),P:1e-15	Tpos:90.6,Tstd:52.3,Bpos:84.3,Bstd:101.1,StrandBias:10.0,Multiplicity:1.07
0.800	0.001	0.001	0.198
0.001	0.001	0.997	0.001
0.001	0.001	0.001	0.997
0.001	0.997	0.001	0.001
0.001	0.001	0.997	0.001
0.088	0.001	0.829	0.082
>WATCCG	11-WATCCG	7.508670	-31.404082	0	T:108.0(3.44%),B:282.1(1.37%),P:1e-13	Tpos:90.4,Tstd:62.8,Bpos:85.6,Bstd:94.7,StrandBias:10.0,Multiplicity:1.09
0.546	0.001	0.001	0.452
0.997	0.001	0.001	0.001
0.001	0.001	0.001	0.997
0.001	0.997	0.001	0.001
0.001	0.997	0.001	0.001
0.001	0.001	0.997	0.001
>CTCGGT	12-CTCGGT	7.125087	-23.949001	0	T:240.0(7.65%),B:971.7(4.73%),P:1e-10	Tpos:90.7,Tstd:69.9,Bpos:74.7,Bstd:98.4,StrandBias:10.0,Multiplicity:1.06
0.001	0.997	0.001	0.001
0.001	0.308	0.001	0.690
0.001	0.997	0.001	0.001
0.001	0.001	0.997	0.001
0.001	0.001	0.997	0.001
0.001	0.001	0.001	0.997
>TAGAGC	13-TAGAGC	6.647261	-23.405186	0	T:139.0(4.43%),B:473.0(2.30%),P:1e-10	Tpos:94.7,Tstd:131.2,Bpos:92.9,Bstd:109.9,StrandBias:10.0,Multiplicity:1.03
0.001	0.001	0.001	0.997
0.997	0.001	0.001	0.001
0.001	0.001	0.997	0.001
0.807	0.191	0.001	0.001
0.001	0.001	0.997	0.001
0.001	0.997	0.001	0.001
>GTACGA	14-GTACGA	6.177716	-9.812761	0	T:39.0(1.24%),B:117.2(0.57%),P:1e-4	Tpos:106.6,Tstd:94.0,Bpos:94.8,Bstd:87.8,StrandBias:10.0,Multiplicity:1.03
0.100	0.100	0.700	0.100
0.100	0.100	0.100	0.700
0.700	0.100	0.100	0.100
0.100	0.700	0.100	0.100
0.100	0.100	0.700	0.100
0.700	0.100	0.100	0.100
>GGTAAGT	1-GGTAAGT	5.491683	-114.435267	0	T:522.0(16.63%),B:1595.6(7.77%),P:1e-49	Tpos:112.6,Tstd:74.0,Bpos:91.6,Bstd:162.0,StrandBias:10.0,Multiplicity:1.05
0.028	0.001	0.953	0.018
0.001	0.001	0.997	0.001
0.001	0.024	0.001	0.974
0.658	0.025	0.316	0.001
0.942	0.001	0.039	0.018
0.001	0.001	0.976	0.022
0.033	0.105	0.223	0.639
>CGTTCGT	2-CGTTCGT	4.256278	-67.715872	0	T:564.0(17.97%),B:2176.7(10.60%),P:1e-29	Tpos:86.7,Tstd:59.7,Bpos:85.6,Bstd:146.2,StrandBias:10.0,Multiplicity:1.23
0.035	0.650	0.224	0.091
0.084	0.059	0.775	0.082
0.060	0.200	0.037	0.703
0.092	0.031	0.043	0.834
0.076	0.690	0.146	0.088
0.060	0.107	0.780	0.053
0.189	0.130	0.108	0.573
>ATAACCG	3-ATAACCG	4.296324	-60.427797	0	T:545.0(17.37%),B:2152.4(10.49%),P:1e-26	Tpos:100.2,Tstd:113.9,Bpos:92.1,Bstd:93.6,StrandBias:10.0,Multiplicity:1.14
0.759	0.061	0.165	0.015
0.124	0.136	0.063	0.677
0.631	0.081	0.232	0.056
0.637	0.136	0.042	0.185
0.136	0.694	0.078	0.092
0.027	0.712	0.074	0.187
0.001	0.079	0.901	0.019
>CTGATGA	4-CTGATGA	5.872721	-59.241776	0	T:587.0(18.71%),B:2387.1(11.63%),P:1e-25	Tpos:82.0,Tstd:61.1,Bpos:89.1,Bstd:102.7,StrandBias:10.0,Multiplicity:1.18
0.242	0.541	0.216	0.001
0.068	0.001	0.001	0.930
0.001	0.001	0.997	0.001
0.879	0.001	0.098	0.022
0.135	0.001	0.076	0.788
0.041	0.001	0.915	0.043
0.997	0.001	0.001	0.001
>AGCGGTA	5-AGCGGTA	3.973278	-57.169778	0	T:1135.0(36.17%),B:5544.2(27.01%),P:1e-24	Tpos:89.7,Tstd:83.8,Bpos:89.4,Bstd:109.2,StrandBias:10.0,Multiplicity:1.30
0.703	0.119	0.064	0.114
0.062	0.118	0.779	0.041
0.064	0.788	0.046	0.102
0.163	0.059	0.657	0.121
0.033	0.130	0.787	0.050
0.111	0.168	0.092	0.629
0.665	0.098	0.131	0.106
