>TGCAGTACAGCA	6-TGCAGTACAGCA,BestGuess:hsa-miR-143* MIMAT0004599 Homo sapiens miR-143* Targets (miRBase)(0.663)	10.410451	-43.718631	0	T:29.0(0.92%),B:8.0(0.04%),P:1e-18
0.162	0.001	0.108	0.729
0.001	0.001	0.891	0.107
0.001	0.945	0.053	0.001
0.891	0.001	0.001	0.107
0.108	0.054	0.730	0.108
0.111	0.054	0.108	0.727
0.945	0.001	0.001	0.053
0.054	0.891	0.054	0.001
0.837	0.054	0.001	0.108
0.054	0.054	0.784	0.108
0.054	0.889	0.001	0.056
0.781	0.001	0.162	0.056
