>CGGCGGCGCCGS	3-SCGGCGCCGCCG	6.257934	-61.030113	0	T:622.0(19.82%),B:2554.6(12.44%),P:1e-26
0.106	0.724	0.040	0.130
0.001	0.315	0.607	0.077
0.088	0.224	0.554	0.134
0.130	0.843	0.007	0.020
0.063	0.123	0.791	0.023
0.090	0.185	0.685	0.040
0.195	0.713	0.062	0.030
0.154	0.018	0.726	0.102
0.061	0.677	0.195	0.067
0.061	0.739	0.157	0.043
0.060	0.075	0.795	0.070
0.123	0.319	0.426	0.131
