>AGCCAGATGCCT	15-AGCCAGATGCCT	9.001319	-33.569202	0	T:57.0(1.82%),B:87.9(0.43%),P:1e-14
0.783	0.001	0.001	0.215
0.004	0.004	0.934	0.058
0.166	0.726	0.054	0.054
0.001	0.945	0.053	0.001
0.884	0.061	0.054	0.001
0.336	0.054	0.609	0.001
0.672	0.054	0.166	0.108
0.057	0.001	0.220	0.722
0.001	0.115	0.830	0.054
0.001	0.945	0.053	0.001
0.108	0.837	0.001	0.054
0.109	0.331	0.058	0.502
