>TGCTGTACTGCA	6-TGCAGTACAGCA	10.410451	-43.718631	0	T:29.0(0.92%),B:8.0(0.04%),P:1e-18
0.056	0.162	0.001	0.781
0.056	0.001	0.889	0.054
0.108	0.784	0.054	0.054
0.108	0.001	0.054	0.837
0.001	0.054	0.891	0.054
0.053	0.001	0.001	0.945
0.727	0.108	0.054	0.111
0.108	0.730	0.054	0.108
0.107	0.001	0.001	0.891
0.001	0.053	0.945	0.001
0.107	0.891	0.001	0.001
0.729	0.108	0.001	0.162
