>SGGNCYGMGGCC	14-SGGNCYGMGGCC,BestGuess:hsa-miR-4649-3p MIMAT0019712 Homo sapiens miR-4649-3p Targets (miRBase)(0.658)	7.118994	-33.598877	0	T:18.0(0.57%),B:1.9(0.01%),P:1e-14
0.212	0.371	0.262	0.155
0.187	0.167	0.437	0.209
0.018	0.395	0.564	0.023
0.169	0.266	0.268	0.297
0.008	0.545	0.283	0.164
0.174	0.249	0.199	0.378
0.025	0.321	0.642	0.012
0.388	0.248	0.179	0.185
0.024	0.025	0.921	0.030
0.134	0.258	0.591	0.017
0.234	0.472	0.283	0.012
0.152	0.396	0.210	0.242
