>SGCGGCSGCSSC	7-SGCGGCSGCSSC	8.145321	-43.122376	0	T:421.0(13.42%),B:1692.9(8.25%),P:1e-18
0.107	0.434	0.401	0.058
0.026	0.369	0.604	0.001
0.083	0.603	0.313	0.001
0.123	0.348	0.528	0.001
0.001	0.365	0.633	0.001
0.077	0.921	0.001	0.001
0.088	0.407	0.471	0.033
0.001	0.280	0.718	0.001
0.071	0.616	0.312	0.001
0.086	0.491	0.412	0.010
0.001	0.457	0.541	0.001
0.061	0.566	0.334	0.039
