>BAAAGCCTACAG	3-CTGTAGGCTTTV	3.893468	-102.347176	0	T:5104.0(50.95%),B:30095.8(43.46%),P:1e-44
0.011	0.381	0.371	0.237
0.722	0.104	0.119	0.055
0.667	0.107	0.154	0.072
0.658	0.082	0.183	0.077
0.111	0.111	0.656	0.122
0.135	0.568	0.157	0.140
0.137	0.634	0.108	0.121
0.155	0.179	0.088	0.578
0.497	0.176	0.185	0.142
0.118	0.670	0.138	0.074
0.690	0.094	0.095	0.121
0.117	0.110	0.648	0.125
