>CTGTAGGCTTTV	3-CTGTAGGCTTTV,BestGuess:hsa-miR-1205 MIMAT0005869 Homo sapiens miR-1205 Targets (miRBase)(0.686)	3.893468	-102.347176	0	T:5104.0(50.95%),B:30095.8(43.46%),P:1e-44
0.125	0.648	0.110	0.117
0.121	0.095	0.094	0.690
0.074	0.138	0.670	0.118
0.142	0.185	0.176	0.497
0.578	0.088	0.179	0.155
0.121	0.108	0.634	0.137
0.140	0.157	0.568	0.135
0.122	0.656	0.111	0.111
0.077	0.183	0.082	0.658
0.072	0.154	0.107	0.667
0.055	0.119	0.104	0.722
0.237	0.371	0.381	0.011
