>GMTGGMCCTGGA	1-GMTGGMCCTGGA	4.378832	-148.060359	0	T:4330.0(43.23%),B:23840.1(34.43%),P:1e-64
0.027	0.305	0.598	0.070
0.351	0.446	0.202	0.001
0.278	0.121	0.149	0.452
0.013	0.001	0.959	0.027
0.040	0.138	0.821	0.001
0.434	0.453	0.027	0.086
0.054	0.675	0.231	0.040
0.300	0.611	0.088	0.001
0.355	0.001	0.046	0.598
0.001	0.013	0.985	0.001
0.221	0.013	0.765	0.001
0.941	0.042	0.001	0.016
