>CCGCAGCCGCGG	22-CCGCAGCCGCGG	9.715835	-28.044019	0	T:82.0(0.82%),B:206.8(0.30%),P:1e-12
0.049	0.726	0.150	0.075
0.120	0.620	0.148	0.112
0.095	0.174	0.621	0.110
0.063	0.771	0.156	0.010
0.486	0.219	0.195	0.100
0.059	0.148	0.712	0.081
0.069	0.762	0.112	0.057
0.091	0.646	0.151	0.112
0.096	0.123	0.685	0.096
0.106	0.666	0.148	0.080
0.106	0.170	0.588	0.136
0.052	0.157	0.716	0.075
