>TGTAGGCTTTTV	14-TGTAGGCTTTTV	4.156983	-51.192158	0	T:3183.0(31.78%),B:18718.6(27.03%),P:1e-22
0.133	0.084	0.162	0.621
0.112	0.136	0.604	0.148
0.147	0.160	0.147	0.546
0.585	0.102	0.152	0.161
0.150	0.088	0.583	0.179
0.129	0.131	0.588	0.152
0.133	0.586	0.120	0.161
0.136	0.119	0.109	0.636
0.084	0.116	0.099	0.701
0.082	0.144	0.099	0.675
0.057	0.039	0.040	0.864
0.255	0.343	0.393	0.009
