>VGCSGCSGCSGC	5-VGCSGCSGCSGC,BestGuess:hsa-miR-3960 MIMAT0019337 Homo sapiens miR-3960 Targets (miRBase)(0.715)	8.151410	-90.319312	0	T:814.0(8.13%),B:3316.3(4.79%),P:1e-39
0.231	0.353	0.368	0.048
0.060	0.153	0.729	0.058
0.087	0.693	0.159	0.061
0.235	0.268	0.408	0.089
0.026	0.144	0.788	0.042
0.059	0.757	0.151	0.033
0.212	0.394	0.346	0.047
0.077	0.133	0.726	0.064
0.053	0.794	0.123	0.030
0.199	0.448	0.321	0.032
0.076	0.109	0.756	0.059
0.078	0.716	0.155	0.051
