>CCAGGCGGAGTC	24-CCAGGCGGAGTC	9.955348	-25.732324	0	T:53.0(0.53%),B:104.1(0.15%),P:1e-11
0.091	0.670	0.135	0.104
0.049	0.631	0.319	0.001
0.610	0.226	0.001	0.163
0.001	0.037	0.908	0.054
0.067	0.080	0.852	0.001
0.147	0.650	0.093	0.110
0.080	0.046	0.820	0.054
0.036	0.073	0.824	0.067
0.514	0.110	0.218	0.158
0.091	0.086	0.822	0.001
0.010	0.155	0.225	0.610
0.085	0.707	0.195	0.013
