>GCSGCSGCSGCB	5-VGCSGCSGCSGC	8.151410	-90.319312	0	T:814.0(8.13%),B:3316.3(4.79%),P:1e-39
0.051	0.155	0.716	0.078
0.059	0.756	0.109	0.076
0.032	0.321	0.448	0.199
0.030	0.123	0.794	0.053
0.064	0.726	0.133	0.077
0.047	0.346	0.394	0.212
0.033	0.151	0.757	0.059
0.042	0.788	0.144	0.026
0.089	0.408	0.268	0.235
0.061	0.159	0.693	0.087
0.058	0.729	0.153	0.060
0.048	0.368	0.353	0.231
