>GMTGGMCCTGGA	1-GMTGGMCCTGGA	4.378832	-148.060359	0	T:4330.0(43.23%),B:23840.1(34.43%),P:1e-64	Tpos:95.9,Tstd:67.3,Bpos:88.8,Bstd:101.8,StrandBias:10.0,Multiplicity:1.51
0.027	0.305	0.598	0.070
0.351	0.446	0.202	0.001
0.278	0.121	0.149	0.452
0.013	0.001	0.959	0.027
0.040	0.138	0.821	0.001
0.434	0.453	0.027	0.086
0.054	0.675	0.231	0.040
0.300	0.611	0.088	0.001
0.355	0.001	0.046	0.598
0.001	0.013	0.985	0.001
0.221	0.013	0.765	0.001
0.941	0.042	0.001	0.016
>GGGTTCGATYCC	2-GGGTTCGATYCC	9.740952	-110.518347	0	T:76.0(0.76%),B:22.8(0.03%),P:1e-47	Tpos:111.5,Tstd:53.6,Bpos:65.1,Bstd:56.7,StrandBias:10.0,Multiplicity:1.00
0.001	0.036	0.890	0.073
0.001	0.001	0.997	0.001
0.001	0.001	0.997	0.001
0.001	0.001	0.001	0.997
0.001	0.001	0.001	0.997
0.001	0.997	0.001	0.001
0.036	0.001	0.962	0.001
0.997	0.001	0.001	0.001
0.036	0.001	0.147	0.816
0.001	0.484	0.001	0.514
0.001	0.997	0.001	0.001
0.001	0.997	0.001	0.001
>CTGTAGGCTTTV	3-CTGTAGGCTTTV	3.893468	-102.347176	0	T:5104.0(50.95%),B:30095.8(43.46%),P:1e-44	Tpos:93.1,Tstd:78.6,Bpos:88.7,Bstd:89.0,StrandBias:10.0,Multiplicity:1.23
0.125	0.648	0.110	0.117
0.121	0.095	0.094	0.690
0.074	0.138	0.670	0.118
0.142	0.185	0.176	0.497
0.578	0.088	0.179	0.155
0.121	0.108	0.634	0.137
0.140	0.157	0.568	0.135
0.122	0.656	0.111	0.111
0.077	0.183	0.082	0.658
0.072	0.154	0.107	0.667
0.055	0.119	0.104	0.722
0.237	0.371	0.381	0.011
>GCTGTAGGCTTT	4-GCTGTAGGCTTT	-11.173172	-95.717778	0	T:5210.0(52.01%),B:30996.3(44.76%),P:1e-41	Tpos:91.7,Tstd:63.0,Bpos:87.5,Bstd:96.6,StrandBias:10.0,Multiplicity:1.48
0.001	0.001	0.997	0.001
0.001	0.997	0.001	0.001
0.001	0.001	0.001	0.997
0.001	0.001	0.997	0.001
0.001	0.001	0.001	0.997
0.968	0.030	0.001	0.001
0.001	0.001	0.997	0.001
0.001	0.001	0.997	0.001
0.001	0.968	0.001	0.030
0.030	0.001	0.001	0.968
0.001	0.001	0.030	0.968
0.031	0.031	0.031	0.907
>VGCSGCSGCSGC	5-VGCSGCSGCSGC	8.151410	-90.319312	0	T:814.0(8.13%),B:3316.3(4.79%),P:1e-39	Tpos:90.9,Tstd:65.4,Bpos:78.7,Bstd:147.0,StrandBias:10.0,Multiplicity:1.32
0.231	0.353	0.368	0.048
0.060	0.153	0.729	0.058
0.087	0.693	0.159	0.061
0.235	0.268	0.408	0.089
0.026	0.144	0.788	0.042
0.059	0.757	0.151	0.033
0.212	0.394	0.346	0.047
0.077	0.133	0.726	0.064
0.053	0.794	0.123	0.030
0.199	0.448	0.321	0.032
0.076	0.109	0.756	0.059
0.078	0.716	0.155	0.051
>CCCGCTTCGCGG	6-CCCGCTTCGCGG	11.369735	-80.418403	0	T:63.0(0.63%),B:28.0(0.04%),P:1e-34	Tpos:118.9,Tstd:74.5,Bpos:96.1,Bstd:134.2,StrandBias:10.0,Multiplicity:1.00
0.001	0.884	0.114	0.001
0.001	0.997	0.001	0.001
0.001	0.768	0.001	0.230
0.001	0.039	0.845	0.115
0.001	0.997	0.001	0.001
0.001	0.006	0.115	0.878
0.001	0.244	0.139	0.616
0.001	0.884	0.114	0.001
0.001	0.174	0.822	0.003
0.001	0.805	0.193	0.001
0.001	0.002	0.996	0.001
0.001	0.003	0.881	0.115
>AACCAGTTATGA	7-AACCAGTTATGA	9.752143	-67.900528	0	T:42.0(0.42%),B:8.2(0.01%),P:1e-29	Tpos:99.1,Tstd:66.6,Bpos:77.6,Bstd:30.1,StrandBias:10.0,Multiplicity:1.00
0.997	0.001	0.001	0.001
0.997	0.001	0.001	0.001
0.029	0.668	0.001	0.302
0.001	0.997	0.001	0.001
0.684	0.314	0.001	0.001
0.001	0.001	0.997	0.001
0.001	0.319	0.001	0.679
0.016	0.001	0.001	0.982
0.997	0.001	0.001	0.001
0.331	0.001	0.001	0.667
0.001	0.001	0.997	0.001
0.697	0.001	0.301	0.001
>TGCCSWATCAAC	8-TGCCSWATCAAC	11.029312	-67.786931	0	T:37.0(0.37%),B:3.5(0.01%),P:1e-29	Tpos:118.2,Tstd:56.6,Bpos:76.5,Bstd:41.3,StrandBias:10.0,Multiplicity:1.00
0.001	0.001	0.001	0.997
0.001	0.001	0.921	0.077
0.001	0.997	0.001	0.001
0.001	0.802	0.078	0.119
0.119	0.353	0.449	0.078
0.451	0.157	0.039	0.353
0.960	0.038	0.001	0.001
0.039	0.001	0.039	0.921
0.039	0.883	0.039	0.039
0.844	0.039	0.039	0.078
0.921	0.077	0.001	0.001
0.117	0.881	0.001	0.001
>TTCACTGACCGG	9-TTCACTGACCGG	-4.468188	-63.662221	0	T:5565.0(55.56%),B:34405.9(49.69%),P:1e-27	Tpos:95.8,Tstd:67.3,Bpos:87.9,Bstd:99.8,StrandBias:10.0,Multiplicity:1.40
0.001	0.001	0.307	0.691
0.054	0.154	0.001	0.791
0.010	0.835	0.154	0.001
0.997	0.001	0.001	0.001
0.001	0.640	0.358	0.001
0.001	0.001	0.001	0.997
0.001	0.001	0.997	0.001
0.513	0.178	0.308	0.001
0.154	0.691	0.001	0.154
0.154	0.835	0.010	0.001
0.001	0.154	0.844	0.001
0.001	0.001	0.997	0.001
>TACTGACGCGCA	10-TACTGACGCGCA	11.232606	-62.092992	0	T:30.0(0.30%),B:0.5(0.00%),P:1e-26	Tpos:73.5,Tstd:48.7,Bpos:77.0,Bstd:2.9,StrandBias:10.0,Multiplicity:1.00
0.001	0.001	0.001	0.997
0.684	0.105	0.210	0.001
0.105	0.637	0.257	0.001
0.104	0.001	0.001	0.894
0.001	0.001	0.997	0.001
0.997	0.001	0.001	0.001
0.001	0.789	0.105	0.105
0.001	0.001	0.997	0.001
0.105	0.684	0.001	0.210
0.001	0.104	0.894	0.001
0.001	0.894	0.001	0.104
0.578	0.316	0.105	0.001
>GGCGGCGACGGC	11-GGCGGCGACGGC	11.439008	-58.596396	0	T:46.0(0.46%),B:21.5(0.03%),P:1e-25	Tpos:92.4,Tstd:58.4,Bpos:120.6,Bstd:263.0,StrandBias:10.0,Multiplicity:1.14
0.044	0.001	0.954	0.001
0.090	0.090	0.819	0.001
0.044	0.954	0.001	0.001
0.044	0.001	0.954	0.001
0.001	0.001	0.997	0.001
0.045	0.909	0.001	0.045
0.001	0.044	0.954	0.001
0.954	0.001	0.001	0.044
0.001	0.997	0.001	0.001
0.001	0.001	0.954	0.044
0.232	0.001	0.766	0.001
0.001	0.864	0.045	0.090
>CGMGCCGGGCCC	12-CGMGCCGGGCCC	12.603330	-57.032443	0	T:49.0(0.49%),B:28.6(0.04%),P:1e-24	Tpos:133.0,Tstd:108.6,Bpos:27.9,Bstd:52.1,StrandBias:10.0,Multiplicity:1.00
0.001	0.936	0.062	0.001
0.001	0.001	0.997	0.001
0.505	0.431	0.063	0.001
0.001	0.062	0.936	0.001
0.063	0.811	0.063	0.063
0.001	0.997	0.001	0.001
0.001	0.001	0.997	0.001
0.001	0.001	0.997	0.001
0.001	0.001	0.997	0.001
0.001	0.997	0.001	0.001
0.001	0.936	0.062	0.001
0.001	0.873	0.063	0.063
>AACGGCTACTAC	13-AACGGCTACTAC	10.656566	-51.868680	0	T:30.0(0.30%),B:4.9(0.01%),P:1e-22	Tpos:154.5,Tstd:89.3,Bpos:83.4,Bstd:26.0,StrandBias:10.0,Multiplicity:1.00
0.629	0.124	0.062	0.185
0.874	0.002	0.123	0.001
0.061	0.877	0.001	0.061
0.001	0.123	0.753	0.123
0.001	0.042	0.834	0.123
0.061	0.937	0.001	0.001
0.061	0.001	0.061	0.877
0.686	0.185	0.126	0.003
0.001	0.997	0.001	0.001
0.001	0.144	0.061	0.794
0.830	0.001	0.001	0.168
0.001	0.937	0.001	0.061
>TGTAGGCTTTTV	14-TGTAGGCTTTTV	4.156983	-51.192158	0	T:3183.0(31.78%),B:18718.6(27.03%),P:1e-22	Tpos:93.0,Tstd:84.7,Bpos:90.0,Bstd:72.4,StrandBias:10.0,Multiplicity:1.22
0.133	0.084	0.162	0.621
0.112	0.136	0.604	0.148
0.147	0.160	0.147	0.546
0.585	0.102	0.152	0.161
0.150	0.088	0.583	0.179
0.129	0.131	0.588	0.152
0.133	0.586	0.120	0.161
0.136	0.119	0.109	0.636
0.084	0.116	0.099	0.701
0.082	0.144	0.099	0.675
0.057	0.039	0.040	0.864
0.255	0.343	0.393	0.009
>GTATADTGGTKA	15-GTATADTGGTKA	11.117506	-47.062445	0	T:38.0(0.38%),B:19.9(0.03%),P:1e-20	Tpos:71.9,Tstd:27.9,Bpos:89.4,Bstd:59.3,StrandBias:10.0,Multiplicity:1.00
0.002	0.001	0.996	0.001
0.001	0.001	0.001	0.997
0.550	0.072	0.377	0.001
0.001	0.001	0.001	0.997
0.997	0.001	0.001	0.001
0.369	0.001	0.267	0.364
0.001	0.039	0.182	0.778
0.001	0.001	0.997	0.001
0.001	0.001	0.634	0.364
0.001	0.035	0.001	0.963
0.184	0.001	0.367	0.448
0.997	0.001	0.001	0.001
>RTAGCTCAGTSG	16-RTAGCTCAGTSG	11.476254	-45.908842	0	T:31.0(0.31%),B:9.9(0.01%),P:1e-19	Tpos:53.0,Tstd:28.4,Bpos:98.6,Bstd:66.3,StrandBias:10.0,Multiplicity:1.00
0.489	0.001	0.509	0.001
0.001	0.001	0.001	0.997
0.691	0.001	0.154	0.154
0.001	0.021	0.977	0.001
0.001	0.995	0.003	0.001
0.001	0.001	0.001	0.997
0.001	0.997	0.001	0.001
0.997	0.001	0.001	0.001
0.001	0.154	0.691	0.154
0.001	0.001	0.154	0.844
0.022	0.352	0.467	0.159
0.175	0.001	0.823	0.001
>GTAACAACTCAC	17-GTAACAACTCAC	13.454864	-45.527172	0	T:22.0(0.22%),B:0.3(0.00%),P:1e-19	Tpos:88.5,Tstd:38.9,Bpos:94.0,Bstd:0.0,StrandBias:10.0,Multiplicity:1.00
0.001	0.058	0.940	0.001
0.001	0.058	0.001	0.940
0.940	0.001	0.001	0.058
0.997	0.001	0.001	0.001
0.058	0.940	0.001	0.001
0.997	0.001	0.001	0.001
0.997	0.001	0.001	0.001
0.001	0.997	0.001	0.001
0.001	0.001	0.001	0.997
0.001	0.997	0.001	0.001
0.997	0.001	0.001	0.001
0.001	0.881	0.117	0.001
>GATTCCCACAGT	18-GATTCCCACAGT	11.594813	-45.427781	0	T:30.0(0.30%),B:8.5(0.01%),P:1e-19	Tpos:91.7,Tstd:49.2,Bpos:87.1,Bstd:20.8,StrandBias:10.0,Multiplicity:1.00
0.193	0.136	0.635	0.036
0.848	0.017	0.001	0.134
0.001	0.001	0.001	0.997
0.017	0.001	0.002	0.980
0.016	0.982	0.001	0.001
0.192	0.806	0.001	0.001
0.209	0.789	0.001	0.001
0.789	0.001	0.001	0.209
0.193	0.787	0.019	0.001
0.612	0.193	0.001	0.194
0.193	0.001	0.803	0.003
0.001	0.019	0.150	0.830
>GCCGACGGGCGA	19-GCCGACGGGCGA	10.409522	-44.032003	0	T:25.0(0.25%),B:3.3(0.00%),P:1e-19	Tpos:97.7,Tstd:80.5,Bpos:104.3,Bstd:26.5,StrandBias:10.0,Multiplicity:1.00
0.100	0.100	0.700	0.100
0.100	0.700	0.100	0.100
0.100	0.700	0.100	0.100
0.100	0.100	0.700	0.100
0.700	0.100	0.100	0.100
0.100	0.700	0.100	0.100
0.100	0.100	0.700	0.100
0.100	0.100	0.700	0.100
0.100	0.100	0.700	0.100
0.100	0.700	0.100	0.100
0.100	0.100	0.700	0.100
0.700	0.100	0.100	0.100
>MGYCCGTSCGYC	20-MGYCCGTSCGYC	11.233755	-42.180175	0	T:25.0(0.25%),B:4.7(0.01%),P:1e-18	Tpos:65.5,Tstd:59.7,Bpos:124.0,Bstd:11.0,StrandBias:10.0,Multiplicity:1.00
0.445	0.553	0.001	0.001
0.001	0.001	0.685	0.313
0.001	0.535	0.001	0.463
0.222	0.555	0.001	0.222
0.001	0.997	0.001	0.001
0.044	0.044	0.911	0.001
0.001	0.001	0.223	0.775
0.001	0.537	0.461	0.001
0.001	0.899	0.091	0.009
0.001	0.001	0.776	0.222
0.001	0.444	0.008	0.547
0.001	0.997	0.001	0.001
>AACCCGGTCAGC	21-AACCCGGTCAGC	12.749526	-32.945210	0	T:25.0(0.25%),B:11.9(0.02%),P:1e-14	Tpos:114.6,Tstd:65.2,Bpos:49.5,Bstd:22.8,StrandBias:10.0,Multiplicity:1.00
0.997	0.001	0.001	0.001
0.614	0.001	0.384	0.001
0.001	0.997	0.001	0.001
0.001	0.922	0.001	0.076
0.001	0.997	0.001	0.001
0.076	0.001	0.922	0.001
0.076	0.001	0.922	0.001
0.001	0.077	0.077	0.845
0.001	0.997	0.001	0.001
0.997	0.001	0.001	0.001
0.001	0.001	0.997	0.001
0.001	0.997	0.001	0.001
>CCGCAGCCGCGG	22-CCGCAGCCGCGG	9.715835	-28.044019	0	T:82.0(0.82%),B:206.8(0.30%),P:1e-12	Tpos:92.0,Tstd:39.9,Bpos:114.0,Bstd:2.3,StrandBias:10.0,Multiplicity:1.03
0.049	0.726	0.150	0.075
0.120	0.620	0.148	0.112
0.095	0.174	0.621	0.110
0.063	0.771	0.156	0.010
0.486	0.219	0.195	0.100
0.059	0.148	0.712	0.081
0.069	0.762	0.112	0.057
0.091	0.646	0.151	0.112
0.096	0.123	0.685	0.096
0.106	0.666	0.148	0.080
0.106	0.170	0.588	0.136
0.052	0.157	0.716	0.075
>CACGTCCTCGGA	23-CACGTCCTCGGA	8.342784	-26.945259	0	T:22.0(0.22%),B:12.2(0.02%),P:1e-11	Tpos:77.2,Tstd:65.9,Bpos:58.4,Bstd:26.0,StrandBias:10.0,Multiplicity:1.00
0.001	0.997	0.001	0.001
0.667	0.001	0.001	0.331
0.001	0.997	0.001	0.001
0.001	0.001	0.777	0.221
0.001	0.001	0.001	0.997
0.001	0.997	0.001	0.001
0.001	0.997	0.001	0.001
0.001	0.001	0.001	0.997
0.001	0.997	0.001	0.001
0.001	0.001	0.997	0.001
0.001	0.001	0.997	0.001
0.997	0.001	0.001	0.001
>CCAGGCGGAGTC	24-CCAGGCGGAGTC	9.955348	-25.732324	0	T:53.0(0.53%),B:104.1(0.15%),P:1e-11	Tpos:95.3,Tstd:51.4,Bpos:78.0,Bstd:55.8,StrandBias:10.0,Multiplicity:1.00
0.091	0.670	0.135	0.104
0.049	0.631	0.319	0.001
0.610	0.226	0.001	0.163
0.001	0.037	0.908	0.054
0.067	0.080	0.852	0.001
0.147	0.650	0.093	0.110
0.080	0.046	0.820	0.054
0.036	0.073	0.824	0.067
0.514	0.110	0.218	0.158
0.091	0.086	0.822	0.001
0.010	0.155	0.225	0.610
0.085	0.707	0.195	0.013
>GCTCGGACTCGG	25-GCTCGGACTCGG	10.409522	-21.652153	0	T:24.0(0.24%),B:24.1(0.03%),P:1e-9	Tpos:74.6,Tstd:51.2,Bpos:26.4,Bstd:16.7,StrandBias:10.0,Multiplicity:1.00
0.100	0.100	0.700	0.100
0.100	0.700	0.100	0.100
0.100	0.100	0.100	0.700
0.100	0.700	0.100	0.100
0.100	0.100	0.700	0.100
0.100	0.100	0.700	0.100
0.700	0.100	0.100	0.100
0.100	0.700	0.100	0.100
0.100	0.100	0.100	0.700
0.100	0.700	0.100	0.100
0.100	0.100	0.700	0.100
0.100	0.100	0.700	0.100
