>HHGGTRAGTN	1-HHGGTRAGTN	5.317289	-347.533341	0	T:1678.0(16.75%),B:5537.5(8.00%),P:1e-150	Tpos:114.6,Tstd:61.6,Bpos:89.3,Bstd:95.0,StrandBias:10.0,Multiplicity:1.06
0.357	0.291	0.044	0.308
0.285	0.303	0.021	0.391
0.096	0.119	0.681	0.104
0.086	0.034	0.815	0.065
0.021	0.087	0.029	0.863
0.460	0.014	0.520	0.006
0.858	0.058	0.054	0.030
0.024	0.071	0.860	0.045
0.040	0.146	0.130	0.684
0.268	0.297	0.161	0.275
>SVWGRACCWG	2-SVWGRACCWG	6.726376	-174.454366	0	T:2225.0(22.21%),B:10197.9(14.73%),P:1e-75	Tpos:92.0,Tstd:54.6,Bpos:87.3,Bstd:101.5,StrandBias:10.0,Multiplicity:1.22
0.174	0.367	0.458	0.001
0.411	0.305	0.284	0.001
0.480	0.017	0.168	0.335
0.033	0.217	0.749	0.001
0.357	0.231	0.411	0.001
0.798	0.200	0.001	0.001
0.001	0.631	0.367	0.001
0.031	0.606	0.362	0.001
0.478	0.001	0.001	0.520
0.001	0.001	0.997	0.001
>ACGMSGACGA	3-ACGMSGACGA	-2.155437	-156.596940	0	T:2776.0(27.71%),B:13768.1(19.88%),P:1e-68	Tpos:96.5,Tstd:63.7,Bpos:88.4,Bstd:118.7,StrandBias:10.0,Multiplicity:1.32
0.684	0.157	0.001	0.158
0.001	0.779	0.219	0.001
0.001	0.001	0.997	0.001
0.567	0.431	0.001	0.001
0.001	0.438	0.560	0.001
0.001	0.001	0.997	0.001
0.997	0.001	0.001	0.001
0.001	0.866	0.132	0.001
0.001	0.001	0.997	0.001
0.997	0.001	0.001	0.001
>TTCGTTGGCT	4-TTCGTTGGCT	-9.924379	-127.489905	0	T:8392.0(83.78%),B:53321.7(77.00%),P:1e-55	Tpos:91.8,Tstd:70.7,Bpos:87.2,Bstd:103.1,StrandBias:10.0,Multiplicity:1.56
0.285	0.001	0.001	0.713
0.001	0.001	0.001	0.997
0.001	0.997	0.001	0.001
0.001	0.001	0.868	0.130
0.001	0.001	0.001	0.997
0.001	0.285	0.001	0.713
0.001	0.001	0.997	0.001
0.001	0.001	0.997	0.001
0.001	0.997	0.001	0.001
0.001	0.001	0.285	0.713
>GTTCGAWYCC	5-GTTCGAWYCC	7.382924	-104.308443	0	T:146.0(1.46%),B:183.2(0.26%),P:1e-45	Tpos:109.3,Tstd:79.9,Bpos:80.3,Bstd:84.5,StrandBias:10.0,Multiplicity:1.00
0.022	0.108	0.729	0.141
0.311	0.074	0.001	0.614
0.119	0.247	0.009	0.625
0.087	0.743	0.109	0.061
0.210	0.078	0.623	0.089
0.656	0.001	0.232	0.111
0.323	0.132	0.178	0.367
0.153	0.439	0.118	0.290
0.001	0.895	0.073	0.031
0.074	0.699	0.159	0.068
>GCCGCCGCCG	6-GCCGCCGCCG	6.830120	-104.061674	0	T:1322.0(13.20%),B:5956.7(8.60%),P:1e-45	Tpos:93.1,Tstd:66.6,Bpos:85.3,Bstd:138.5,StrandBias:10.0,Multiplicity:1.45
0.042	0.095	0.797	0.066
0.056	0.790	0.096	0.058
0.077	0.713	0.148	0.062
0.036	0.085	0.846	0.033
0.032	0.856	0.037	0.075
0.060	0.726	0.126	0.088
0.021	0.071	0.854	0.054
0.034	0.798	0.100	0.068
0.049	0.799	0.075	0.077
0.062	0.062	0.822	0.054
>GGCCATGGAA	7-GGCCATGGAA	2.512553	-102.582458	0	T:9703.0(96.87%),B:64782.4(93.55%),P:1e-44	Tpos:95.3,Tstd:71.1,Bpos:88.4,Bstd:98.6,StrandBias:10.0,Multiplicity:3.50
0.100	0.100	0.700	0.100
0.100	0.100	0.700	0.100
0.100	0.700	0.100	0.100
0.100	0.700	0.100	0.100
0.700	0.100	0.100	0.100
0.100	0.100	0.100	0.700
0.100	0.100	0.700	0.100
0.100	0.100	0.700	0.100
0.700	0.100	0.100	0.100
0.700	0.100	0.100	0.100
>GTTYTCTTTC	8-GTTYTCTTTC	2.272078	-83.203320	0	T:6114.0(61.04%),B:37634.6(54.35%),P:1e-36	Tpos:86.5,Tstd:80.4,Bpos:89.3,Bstd:80.9,StrandBias:10.0,Multiplicity:1.78
0.047	0.105	0.591	0.257
0.010	0.029	0.104	0.857
0.136	0.111	0.011	0.742
0.051	0.462	0.066	0.421
0.033	0.175	0.008	0.784
0.010	0.474	0.241	0.274
0.052	0.008	0.001	0.939
0.020	0.019	0.133	0.828
0.048	0.379	0.011	0.562
0.120	0.780	0.066	0.034
>TGTAGGCTTR	9-TGTAGGCTTR	10.487185	-56.008849	0	T:38.0(0.38%),B:11.0(0.02%),P:1e-24	Tpos:80.1,Tstd:25.8,Bpos:84.1,Bstd:48.9,StrandBias:10.0,Multiplicity:1.00
0.001	0.001	0.001	0.997
0.001	0.001	0.997	0.001
0.001	0.001	0.001	0.997
0.822	0.176	0.001	0.001
0.001	0.001	0.997	0.001
0.001	0.001	0.997	0.001
0.001	0.997	0.001	0.001
0.001	0.001	0.001	0.997
0.001	0.001	0.001	0.997
0.368	0.066	0.368	0.199
>GCTCGCCGGC	10-GCTCGCCGGC	7.954033	-54.688371	0	T:226.0(2.26%),B:676.4(0.98%),P:1e-23	Tpos:97.1,Tstd:59.3,Bpos:85.9,Bstd:145.6,StrandBias:10.0,Multiplicity:1.05
0.048	0.093	0.791	0.068
0.074	0.796	0.082	0.048
0.037	0.078	0.031	0.854
0.010	0.876	0.037	0.077
0.039	0.065	0.840	0.056
0.065	0.713	0.135	0.087
0.042	0.840	0.045	0.073
0.026	0.065	0.770	0.139
0.053	0.120	0.767	0.060
0.045	0.757	0.124	0.074
>CCCCCTTCGC	11-CCCCCTTCGC	10.725899	-53.245714	0	T:35.0(0.35%),B:9.8(0.01%),P:1e-23	Tpos:110.8,Tstd:83.1,Bpos:105.3,Bstd:78.6,StrandBias:10.0,Multiplicity:1.00
0.001	0.997	0.001	0.001
0.001	0.997	0.001	0.001
0.001	0.997	0.001	0.001
0.001	0.839	0.107	0.053
0.001	0.997	0.001	0.001
0.001	0.001	0.001	0.997
0.001	0.001	0.001	0.997
0.001	0.997	0.001	0.001
0.001	0.001	0.997	0.001
0.001	0.945	0.053	0.001
>GCCSWATCAA	12-GCCSWATCAA	9.519140	-51.122310	0	T:36.0(0.36%),B:12.7(0.02%),P:1e-22	Tpos:119.5,Tstd:57.2,Bpos:94.1,Bstd:41.7,StrandBias:10.0,Multiplicity:1.00
0.001	0.001	0.997	0.001
0.001	0.997	0.001	0.001
0.001	0.981	0.001	0.017
0.045	0.404	0.550	0.001
0.441	0.001	0.001	0.557
0.997	0.001	0.001	0.001
0.001	0.001	0.001	0.997
0.001	0.954	0.001	0.044
0.997	0.001	0.001	0.001
0.997	0.001	0.001	0.001
>CCGAATCCGG	13-CCGAATCCGG	10.593092	-41.896755	0	T:38.0(0.38%),B:25.7(0.04%),P:1e-18	Tpos:103.1,Tstd:78.5,Bpos:66.0,Bstd:0.0,StrandBias:10.0,Multiplicity:1.00
0.001	0.997	0.001	0.001
0.001	0.997	0.001	0.001
0.001	0.001	0.997	0.001
0.997	0.001	0.001	0.001
0.848	0.060	0.032	0.060
0.001	0.060	0.060	0.879
0.001	0.997	0.001	0.001
0.001	0.979	0.001	0.019
0.042	0.121	0.777	0.060
0.001	0.001	0.997	0.001
>CGTCCGTCCG	14-CGTCCGTCCG	9.584469	-41.268847	0	T:44.0(0.44%),B:39.3(0.06%),P:1e-17	Tpos:75.3,Tstd:61.7,Bpos:56.4,Bstd:81.9,StrandBias:10.0,Multiplicity:1.02
0.031	0.947	0.001	0.021
0.001	0.001	0.997	0.001
0.001	0.093	0.031	0.875
0.001	0.997	0.001	0.001
0.001	0.937	0.031	0.031
0.001	0.021	0.947	0.031
0.001	0.112	0.031	0.856
0.001	0.973	0.025	0.001
0.001	0.937	0.061	0.001
0.031	0.001	0.946	0.022
>TAGTGGTTAG	15-TAGTGGTTAG	9.555680	-41.268847	0	T:44.0(0.44%),B:39.8(0.06%),P:1e-17	Tpos:66.3,Tstd:19.2,Bpos:77.7,Bstd:43.9,StrandBias:10.0,Multiplicity:1.00
0.001	0.020	0.001	0.978
0.927	0.001	0.036	0.036
0.155	0.001	0.843	0.001
0.001	0.035	0.001	0.963
0.001	0.001	0.997	0.001
0.001	0.001	0.963	0.035
0.001	0.001	0.103	0.895
0.052	0.001	0.036	0.911
0.963	0.001	0.035	0.001
0.017	0.001	0.668	0.314
>CAAAACTAAC	16-CAAAACTAAC	10.794422	-36.549555	0	T:30.0(0.30%),B:16.7(0.02%),P:1e-15	Tpos:126.2,Tstd:74.3,Bpos:93.4,Bstd:28.8,StrandBias:10.0,Multiplicity:1.00
0.001	0.997	0.001	0.001
0.997	0.001	0.001	0.001
0.718	0.001	0.001	0.280
0.805	0.001	0.193	0.001
0.805	0.001	0.193	0.001
0.001	0.997	0.001	0.001
0.001	0.126	0.001	0.872
0.805	0.001	0.001	0.193
0.997	0.001	0.001	0.001
0.001	0.997	0.001	0.001
>GGTAARCGGC	17-GGTAARCGGC	9.044970	-34.754027	0	T:41.0(0.41%),B:43.9(0.06%),P:1e-15	Tpos:108.8,Tstd:77.1,Bpos:77.6,Bstd:46.3,StrandBias:10.0,Multiplicity:1.00
0.001	0.001	0.997	0.001
0.052	0.101	0.661	0.186
0.094	0.112	0.100	0.694
0.693	0.026	0.218	0.063
0.816	0.061	0.046	0.077
0.464	0.065	0.407	0.064
0.334	0.522	0.143	0.001
0.242	0.028	0.475	0.256
0.001	0.001	0.924	0.074
0.038	0.647	0.294	0.021
>ACAACTCACC	18-ACAACTCACC	10.296193	-30.435194	0	T:18.0(0.18%),B:3.6(0.01%),P:1e-13	Tpos:93.8,Tstd:36.1,Bpos:91.0,Bstd:14.5,StrandBias:10.0,Multiplicity:1.00
0.700	0.100	0.100	0.100
0.100	0.700	0.100	0.100
0.700	0.100	0.100	0.100
0.700	0.100	0.100	0.100
0.100	0.700	0.100	0.100
0.100	0.100	0.100	0.700
0.100	0.700	0.100	0.100
0.700	0.100	0.100	0.100
0.100	0.700	0.100	0.100
0.100	0.700	0.100	0.100
>CGCGCGCTCK	19-CGCGCGCTCK	7.260923	-28.865416	0	T:124.0(1.24%),B:384.8(0.56%),P:1e-12	Tpos:119.4,Tstd:72.4,Bpos:82.9,Bstd:107.9,StrandBias:10.0,Multiplicity:1.00
0.001	0.653	0.345	0.001
0.001	0.001	0.997	0.001
0.030	0.968	0.001	0.001
0.001	0.001	0.997	0.001
0.007	0.991	0.001	0.001
0.001	0.001	0.996	0.002
0.001	0.984	0.001	0.014
0.001	0.001	0.239	0.759
0.001	0.741	0.001	0.257
0.001	0.001	0.438	0.560
>ATAGCTCAGG	20-ATAGCTCAGG	10.598755	-28.558483	0	T:27.0(0.27%),B:20.5(0.03%),P:1e-12	Tpos:47.9,Tstd:35.0,Bpos:93.7,Bstd:28.2,StrandBias:10.0,Multiplicity:1.00
0.897	0.101	0.001	0.001
0.001	0.056	0.001	0.942
0.997	0.001	0.001	0.001
0.001	0.001	0.997	0.001
0.001	0.997	0.001	0.001
0.001	0.001	0.400	0.598
0.001	0.598	0.400	0.001
0.997	0.001	0.001	0.001
0.001	0.001	0.997	0.001
0.001	0.001	0.806	0.192
>GCCGTGCCGT	21-GCCGTGCCGT	8.234558	-23.363391	0	T:69.0(0.69%),B:176.2(0.25%),P:1e-10	Tpos:131.4,Tstd:82.1,Bpos:107.0,Bstd:232.3,StrandBias:10.0,Multiplicity:1.00
0.094	0.098	0.784	0.024
0.024	0.818	0.061	0.097
0.053	0.905	0.017	0.025
0.001	0.071	0.880	0.048
0.101	0.126	0.029	0.744
0.048	0.134	0.680	0.138
0.073	0.853	0.024	0.050
0.001	0.783	0.109	0.107
0.048	0.025	0.862	0.065
0.150	0.072	0.075	0.703
>AGGTGTTGGT	22-AGGTGTTGGT	11.258880	-19.686751	0	T:17.0(0.17%),B:11.2(0.02%),P:1e-8	Tpos:68.2,Tstd:36.1,Bpos:92.3,Bstd:51.2,StrandBias:10.0,Multiplicity:1.00
0.997	0.001	0.001	0.001
0.001	0.076	0.922	0.001
0.001	0.001	0.997	0.001
0.001	0.001	0.001	0.997
0.001	0.001	0.997	0.001
0.001	0.001	0.001	0.997
0.001	0.001	0.001	0.997
0.001	0.001	0.997	0.001
0.001	0.001	0.997	0.001
0.001	0.001	0.001	0.997
>TGCTKTGCTT	23-TGCTKTGCTT	6.063983	-17.097069	0	T:363.0(3.62%),B:1828.3(2.64%),P:1e-7	Tpos:94.8,Tstd:73.9,Bpos:91.1,Bstd:108.9,StrandBias:10.0,Multiplicity:1.02
0.001	0.001	0.048	0.950
0.001	0.087	0.911	0.001
0.219	0.779	0.001	0.001
0.422	0.001	0.001	0.576
0.001	0.001	0.475	0.523
0.001	0.001	0.001	0.997
0.001	0.001	0.591	0.407
0.067	0.931	0.001	0.001
0.054	0.001	0.001	0.944
0.001	0.109	0.001	0.889
>CCTTACTCCC	24-CCTTACTCCC	9.985805	-12.818330	0	T:37.0(0.37%),B:97.8(0.14%),P:1e-5	Tpos:95.4,Tstd:80.3,Bpos:110.8,Bstd:55.4,StrandBias:10.0,Multiplicity:1.00
0.001	0.997	0.001	0.001
0.001	0.795	0.009	0.195
0.001	0.001	0.001	0.997
0.001	0.001	0.001	0.997
0.848	0.001	0.001	0.150
0.001	0.997	0.001	0.001
0.001	0.001	0.138	0.860
0.139	0.764	0.096	0.001
0.139	0.550	0.001	0.310
0.021	0.839	0.139	0.001
>TTATTTTCTV	25-TTATTTTCTV	4.734320	-10.031994	0	T:1617.0(16.14%),B:10133.1(14.63%),P:1e-4	Tpos:87.5,Tstd:68.0,Bpos:92.0,Bstd:58.5,StrandBias:10.0,Multiplicity:1.04
0.003	0.085	0.051	0.861
0.005	0.002	0.060	0.933
0.661	0.058	0.167	0.114
0.144	0.084	0.004	0.768
0.063	0.005	0.225	0.707
0.004	0.087	0.059	0.850
0.061	0.087	0.063	0.789
0.062	0.714	0.141	0.083
0.001	0.280	0.001	0.718
0.409	0.319	0.271	0.001
>GACRAGGAGGA	1-GACRAGGAGGA	4.392172	-181.725509	0	T:3886.0(38.79%),B:20311.5(29.33%),P:1e-78	Tpos:97.1,Tstd:64.0,Bpos:90.0,Bstd:104.4,StrandBias:10.0,Multiplicity:1.41
0.253	0.207	0.410	0.130
0.657	0.006	0.153	0.184
0.020	0.518	0.162	0.300
0.417	0.014	0.519	0.050
0.544	0.059	0.154	0.243
0.040	0.307	0.511	0.142
0.182	0.120	0.638	0.060
0.687	0.004	0.213	0.096
0.047	0.335	0.611	0.007
0.135	0.332	0.532	0.001
0.594	0.142	0.066	0.198
>GGTGAGTGSCS	2-GGTGAGTGSCS	7.074702	-162.348197	0	T:962.0(9.60%),B:3396.0(4.90%),P:1e-70	Tpos:113.9,Tstd:56.4,Bpos:87.8,Bstd:105.5,StrandBias:10.0,Multiplicity:1.04
0.118	0.057	0.736	0.089
0.001	0.001	0.997	0.001
0.020	0.001	0.001	0.978
0.022	0.047	0.930	0.001
0.884	0.069	0.046	0.001
0.001	0.100	0.898	0.001
0.051	0.278	0.099	0.572
0.053	0.301	0.553	0.093
0.099	0.323	0.384	0.194
0.072	0.557	0.296	0.075
0.001	0.451	0.320	0.228
>GGTTCGAATCC	3-GGTTCGAATCC	8.618626	-122.691960	0	T:143.0(1.43%),B:139.6(0.20%),P:1e-53	Tpos:103.4,Tstd:77.2,Bpos:71.8,Bstd:64.1,StrandBias:10.0,Multiplicity:1.00
0.148	0.001	0.782	0.069
0.035	0.112	0.778	0.075
0.145	0.073	0.080	0.702
0.065	0.137	0.040	0.758
0.015	0.796	0.124	0.065
0.302	0.040	0.475	0.183
0.474	0.182	0.254	0.089
0.465	0.073	0.173	0.289
0.114	0.302	0.106	0.478
0.015	0.964	0.001	0.020
0.001	0.889	0.001	0.109
>GGCCATGGAAG	4-GGCCATGGAAG	-8.827027	-116.874805	0	T:6695.0(66.84%),B:40874.9(59.03%),P:1e-50	Tpos:95.0,Tstd:66.4,Bpos:86.9,Bstd:98.1,StrandBias:10.0,Multiplicity:1.64
0.001	0.001	0.997	0.001
0.045	0.001	0.953	0.001
0.001	0.997	0.001	0.001
0.045	0.953	0.001	0.001
0.997	0.001	0.001	0.001
0.001	0.001	0.001	0.997
0.001	0.001	0.997	0.001
0.001	0.001	0.997	0.001
0.997	0.001	0.001	0.001
0.828	0.046	0.125	0.001
0.001	0.001	0.997	0.001
>GCRGCNGCVGC	5-GCRGCNGCVGC	6.224500	-107.281725	0	T:2279.0(22.75%),B:11579.9(16.72%),P:1e-46	Tpos:92.0,Tstd:66.9,Bpos:82.6,Bstd:134.4,StrandBias:10.0,Multiplicity:1.52
0.090	0.119	0.706	0.085
0.062	0.728	0.145	0.065
0.359	0.174	0.405	0.062
0.060	0.142	0.758	0.040
0.065	0.795	0.139	0.001
0.246	0.306	0.233	0.215
0.038	0.131	0.768	0.063
0.077	0.743	0.122	0.058
0.212	0.349	0.252	0.187
0.048	0.098	0.779	0.075
0.110	0.705	0.120	0.065
>CGCGCCGGGCC	6-CGCGCCGGGCC	11.490816	-76.462917	0	T:63.0(0.63%),B:32.5(0.05%),P:1e-33	Tpos:122.9,Tstd:104.6,Bpos:43.9,Bstd:71.4,StrandBias:10.0,Multiplicity:1.02
0.042	0.956	0.001	0.001
0.001	0.001	0.956	0.042
0.128	0.681	0.190	0.001
0.001	0.001	0.997	0.001
0.001	0.997	0.001	0.001
0.001	0.997	0.001	0.001
0.001	0.001	0.997	0.001
0.001	0.001	0.997	0.001
0.001	0.001	0.997	0.001
0.001	0.997	0.001	0.001
0.001	0.871	0.001	0.127
>CTGTAGGCTTT	7-CTGTAGGCTTT	8.804061	-64.277200	0	T:44.0(0.44%),B:13.6(0.02%),P:1e-27	Tpos:77.7,Tstd:29.8,Bpos:81.5,Bstd:43.3,StrandBias:10.0,Multiplicity:1.00
0.029	0.969	0.001	0.001
0.001	0.001	0.001	0.997
0.001	0.001	0.997	0.001
0.001	0.001	0.001	0.997
0.969	0.029	0.001	0.001
0.020	0.001	0.978	0.001
0.001	0.020	0.978	0.001
0.001	0.997	0.001	0.001
0.021	0.030	0.001	0.948
0.001	0.001	0.020	0.978
0.030	0.061	0.021	0.888
>TCGTCGTCGGC	8-TCGTCGTCGGC	8.082914	-62.208554	0	T:151.0(1.51%),B:325.6(0.47%),P:1e-27	Tpos:81.3,Tstd:47.4,Bpos:76.3,Bstd:112.6,StrandBias:10.0,Multiplicity:1.01
0.001	0.116	0.037	0.846
0.018	0.915	0.049	0.018
0.086	0.062	0.797	0.055
0.037	0.031	0.129	0.803
0.018	0.853	0.092	0.037
0.055	0.201	0.707	0.037
0.001	0.079	0.073	0.847
0.001	0.877	0.049	0.073
0.129	0.092	0.761	0.018
0.037	0.129	0.748	0.086
0.074	0.852	0.037	0.037
>CTCGCTCGCCT	9-CTCGCTCGCCT	8.383598	-56.890672	0	T:51.0(0.51%),B:32.9(0.05%),P:1e-24	Tpos:105.7,Tstd:70.2,Bpos:142.7,Bstd:120.9,StrandBias:10.0,Multiplicity:1.00
0.050	0.794	0.133	0.023
0.158	0.105	0.181	0.556
0.001	0.692	0.202	0.105
0.083	0.200	0.583	0.134
0.071	0.637	0.159	0.133
0.080	0.224	0.037	0.659
0.013	0.623	0.241	0.123
0.077	0.197	0.615	0.111
0.037	0.704	0.090	0.169
0.042	0.764	0.062	0.132
0.143	0.185	0.175	0.497
>CCCGCTTCGCG	10-CCCGCTTCGCG	9.682215	-49.350531	0	T:67.0(0.67%),B:83.4(0.12%),P:1e-21	Tpos:122.0,Tstd:78.0,Bpos:91.3,Bstd:128.4,StrandBias:10.0,Multiplicity:1.00
0.016	0.949	0.034	0.001
0.001	0.848	0.067	0.084
0.017	0.808	0.104	0.071
0.057	0.033	0.836	0.074
0.017	0.921	0.050	0.012
0.045	0.112	0.054	0.789
0.041	0.115	0.176	0.668
0.045	0.806	0.082	0.067
0.017	0.169	0.774	0.040
0.045	0.805	0.107	0.043
0.045	0.076	0.805	0.074
>TAGCTCAGTCG	11-TAGCTCAGTCG	11.547637	-48.236283	0	T:33.0(0.33%),B:10.8(0.02%),P:1e-20	Tpos:59.1,Tstd:28.5,Bpos:101.3,Bstd:97.5,StrandBias:10.0,Multiplicity:1.00
0.001	0.001	0.001	0.997
0.997	0.001	0.001	0.001
0.001	0.050	0.948	0.001
0.001	0.997	0.001	0.001
0.001	0.001	0.001	0.997
0.001	0.997	0.001	0.001
0.997	0.001	0.001	0.001
0.001	0.050	0.948	0.001
0.001	0.001	0.001	0.997
0.051	0.561	0.259	0.129
0.050	0.001	0.948	0.001
>CCGATTCCGGA	12-CCGATTCCGGA	10.095804	-46.855974	0	T:30.0(0.30%),B:7.6(0.01%),P:1e-20	Tpos:100.8,Tstd:93.6,Bpos:32.8,Bstd:31.3,StrandBias:10.0,Multiplicity:1.38
0.054	0.843	0.102	0.001
0.001	0.806	0.087	0.106
0.035	0.001	0.861	0.103
0.738	0.105	0.004	0.153
0.053	0.004	0.108	0.835
0.051	0.056	0.002	0.891
0.001	0.846	0.102	0.051
0.102	0.846	0.001	0.051
0.001	0.156	0.756	0.087
0.001	0.035	0.913	0.051
0.662	0.041	0.041	0.256
>TAGTGGTTAGC	13-TAGTGGTTAGC	11.232235	-45.994071	0	T:26.0(0.26%),B:3.8(0.01%),P:1e-19	Tpos:66.2,Tstd:13.2,Bpos:96.4,Bstd:30.4,StrandBias:10.0,Multiplicity:1.00
0.001	0.001	0.001	0.997
0.946	0.001	0.001	0.052
0.104	0.001	0.894	0.001
0.001	0.001	0.001	0.997
0.001	0.001	0.997	0.001
0.001	0.001	0.946	0.052
0.001	0.001	0.001	0.997
0.052	0.001	0.052	0.895
0.997	0.001	0.001	0.001
0.001	0.001	0.631	0.367
0.001	0.736	0.262	0.001
>GCAGKTGAACA	14-GCAGKTGAACA	8.371664	-43.415528	0	T:147.0(1.47%),B:397.4(0.57%),P:1e-18	Tpos:95.9,Tstd:63.9,Bpos:96.9,Bstd:65.7,StrandBias:10.0,Multiplicity:1.12
0.001	0.271	0.673	0.055
0.130	0.712	0.131	0.027
0.721	0.001	0.001	0.277
0.001	0.038	0.568	0.393
0.001	0.001	0.477	0.521
0.056	0.038	0.062	0.844
0.172	0.026	0.801	0.001
0.814	0.002	0.182	0.002
0.896	0.026	0.001	0.077
0.146	0.852	0.001	0.001
0.789	0.065	0.028	0.118
>AGCTARTGCAT	15-AGCTARTGCAT	11.888623	-42.520248	0	T:22.0(0.22%),B:1.7(0.00%),P:1e-18	Tpos:94.6,Tstd:75.6,Bpos:86.4,Bstd:25.0,StrandBias:10.0,Multiplicity:1.00
0.588	0.001	0.400	0.011
0.001	0.001	0.997	0.001
0.001	0.997	0.001	0.001
0.001	0.001	0.001	0.997
0.938	0.001	0.060	0.001
0.542	0.001	0.400	0.057
0.001	0.001	0.001	0.997
0.127	0.001	0.815	0.057
0.001	0.997	0.001	0.001
0.931	0.067	0.001	0.001
0.001	0.001	0.001	0.997
>TAGTGACGCGC	16-TAGTGACGCGC	11.229650	-41.386591	0	T:20.0(0.20%),B:0.0(0.00%),P:1e-17	Tpos:73.0,Tstd:52.8,Bpos:0.0,Bstd:0.0,StrandBias:10.0,Multiplicity:1.00
0.001	0.001	0.001	0.997
0.922	0.001	0.076	0.001
0.001	0.307	0.691	0.001
0.076	0.001	0.001	0.922
0.001	0.001	0.997	0.001
0.922	0.076	0.001	0.001
0.001	0.922	0.076	0.001
0.001	0.001	0.997	0.001
0.001	0.997	0.001	0.001
0.001	0.001	0.997	0.001
0.001	0.997	0.001	0.001
>GCATTTATCAG	17-GCATTTATCAG	11.325813	-41.386591	0	T:20.0(0.20%),B:1.0(0.00%),P:1e-17	Tpos:131.2,Tstd:84.2,Bpos:104.1,Bstd:29.2,StrandBias:10.0,Multiplicity:1.00
0.100	0.100	0.700	0.100
0.100	0.700	0.100	0.100
0.700	0.100	0.100	0.100
0.100	0.100	0.100	0.700
0.100	0.100	0.100	0.700
0.100	0.100	0.100	0.700
0.700	0.100	0.100	0.100
0.100	0.100	0.100	0.700
0.100	0.700	0.100	0.100
0.700	0.100	0.100	0.100
0.100	0.100	0.700	0.100
>TCCGBCCGTCG	18-TCCGBCCGTCG	8.481341	-40.831234	0	T:47.0(0.47%),B:47.8(0.07%),P:1e-17	Tpos:74.4,Tstd:52.5,Bpos:93.3,Bstd:105.9,StrandBias:10.0,Multiplicity:1.00
0.006	0.282	0.248	0.464
0.031	0.826	0.066	0.077
0.109	0.746	0.001	0.144
0.074	0.224	0.516	0.186
0.114	0.240	0.300	0.346
0.004	0.725	0.199	0.072
0.075	0.587	0.171	0.167
0.001	0.232	0.719	0.048
0.004	0.204	0.241	0.551
0.055	0.763	0.076	0.106
0.046	0.202	0.659	0.093
>GCATTTKGCTG	19-GCATTTKGCTG	8.257991	-39.375751	0	T:154.0(1.54%),B:451.5(0.65%),P:1e-17	Tpos:86.2,Tstd:46.3,Bpos:83.6,Bstd:79.1,StrandBias:10.0,Multiplicity:1.00
0.001	0.001	0.997	0.001
0.003	0.796	0.200	0.001
0.968	0.001	0.001	0.030
0.001	0.110	0.096	0.793
0.064	0.193	0.001	0.742
0.003	0.068	0.194	0.735
0.007	0.007	0.462	0.524
0.387	0.001	0.609	0.003
0.001	0.934	0.064	0.001
0.001	0.001	0.002	0.996
0.064	0.001	0.871	0.064
>CTAAGGAGTGT	20-CTAAGGAGTGT	11.325813	-39.316432	0	T:19.0(0.19%),B:0.4(0.00%),P:1e-17	Tpos:88.1,Tstd:36.7,Bpos:12.0,Bstd:0.0,StrandBias:10.0,Multiplicity:1.00
0.100	0.700	0.100	0.100
0.100	0.100	0.100	0.700
0.700	0.100	0.100	0.100
0.700	0.100	0.100	0.100
0.100	0.100	0.700	0.100
0.100	0.100	0.700	0.100
0.700	0.100	0.100	0.100
0.100	0.100	0.700	0.100
0.100	0.100	0.100	0.700
0.100	0.100	0.700	0.100
0.100	0.100	0.100	0.700
>ACAACTCACCT	21-ACAACTCACCT	11.784087	-39.004454	0	T:25.0(0.25%),B:6.3(0.01%),P:1e-16	Tpos:95.3,Tstd:49.9,Bpos:104.0,Bstd:23.9,StrandBias:10.0,Multiplicity:1.00
0.997	0.001	0.001	0.001
0.001	0.997	0.001	0.001
0.997	0.001	0.001	0.001
0.961	0.001	0.037	0.001
0.001	0.997	0.001	0.001
0.001	0.001	0.001	0.997
0.001	0.997	0.001	0.001
0.997	0.001	0.001	0.001
0.001	0.917	0.081	0.001
0.001	0.944	0.054	0.001
0.001	0.001	0.001	0.997
>CCGAATCGACT	22-CCGAATCGACT	11.063931	-36.228792	0	T:21.0(0.21%),B:3.5(0.01%),P:1e-15	Tpos:102.3,Tstd:39.7,Bpos:82.2,Bstd:55.6,StrandBias:10.0,Multiplicity:1.00
0.001	0.997	0.001	0.001
0.001	0.817	0.001	0.181
0.001	0.001	0.997	0.001
0.633	0.365	0.001	0.001
0.997	0.001	0.001	0.001
0.001	0.181	0.001	0.817
0.001	0.817	0.001	0.181
0.086	0.182	0.731	0.001
0.635	0.001	0.001	0.363
0.181	0.817	0.001	0.001
0.001	0.001	0.001	0.997
>CGTCGGGCGCT	23-CGTCGGGCGCT	9.300945	-35.848669	0	T:68.0(0.68%),B:122.8(0.18%),P:1e-15	Tpos:89.8,Tstd:65.8,Bpos:141.7,Bstd:458.3,StrandBias:10.0,Multiplicity:1.00
0.062	0.846	0.046	0.046
0.069	0.047	0.826	0.058
0.053	0.073	0.132	0.742
0.001	0.867	0.131	0.001
0.116	0.093	0.729	0.062
0.069	0.109	0.753	0.069
0.001	0.092	0.861	0.046
0.132	0.821	0.024	0.023
0.040	0.046	0.845	0.069
0.023	0.930	0.046	0.001
0.001	0.105	0.102	0.792
>ACGGCTACTAC	24-ACGGCTACTAC	9.598851	-31.981924	0	T:32.0(0.32%),B:26.1(0.04%),P:1e-13	Tpos:149.4,Tstd:85.6,Bpos:121.1,Bstd:48.0,StrandBias:10.0,Multiplicity:1.00
0.673	0.108	0.107	0.112
0.081	0.666	0.153	0.100
0.129	0.081	0.668	0.122
0.080	0.090	0.743	0.087
0.048	0.833	0.054	0.065
0.103	0.120	0.069	0.708
0.661	0.121	0.129	0.089
0.049	0.795	0.074	0.082
0.094	0.116	0.060	0.730
0.690	0.102	0.095	0.113
0.051	0.835	0.060	0.054
>TMCACTGGCCG	25-TMCACTGGCCG	8.733689	-31.157031	0	T:31.0(0.31%),B:25.9(0.04%),P:1e-13	Tpos:89.7,Tstd:55.2,Bpos:115.6,Bstd:59.1,StrandBias:10.0,Multiplicity:1.04
0.001	0.001	0.006	0.992
0.362	0.462	0.022	0.154
0.001	0.997	0.001	0.001
0.997	0.001	0.001	0.001
0.001	0.997	0.001	0.001
0.154	0.207	0.022	0.617
0.001	0.021	0.977	0.001
0.001	0.001	0.997	0.001
0.001	0.997	0.001	0.001
0.001	0.845	0.153	0.001
0.001	0.001	0.997	0.001
>GMTGGMCCTGGA	1-GMTGGMCCTGGA	4.378832	-148.060359	0	T:4330.0(43.23%),B:23840.1(34.43%),P:1e-64	Tpos:95.9,Tstd:67.3,Bpos:88.8,Bstd:101.8,StrandBias:10.0,Multiplicity:1.51
0.027	0.305	0.598	0.070
0.351	0.446	0.202	0.001
0.278	0.121	0.149	0.452
0.013	0.001	0.959	0.027
0.040	0.138	0.821	0.001
0.434	0.453	0.027	0.086
0.054	0.675	0.231	0.040
0.300	0.611	0.088	0.001
0.355	0.001	0.046	0.598
0.001	0.013	0.985	0.001
0.221	0.013	0.765	0.001
0.941	0.042	0.001	0.016
>GGGTTCGATYCC	2-GGGTTCGATYCC	9.740952	-110.518347	0	T:76.0(0.76%),B:22.8(0.03%),P:1e-47	Tpos:111.5,Tstd:53.6,Bpos:65.1,Bstd:56.7,StrandBias:10.0,Multiplicity:1.00
0.001	0.036	0.890	0.073
0.001	0.001	0.997	0.001
0.001	0.001	0.997	0.001
0.001	0.001	0.001	0.997
0.001	0.001	0.001	0.997
0.001	0.997	0.001	0.001
0.036	0.001	0.962	0.001
0.997	0.001	0.001	0.001
0.036	0.001	0.147	0.816
0.001	0.484	0.001	0.514
0.001	0.997	0.001	0.001
0.001	0.997	0.001	0.001
>CTGTAGGCTTTV	3-CTGTAGGCTTTV	3.893468	-102.347176	0	T:5104.0(50.95%),B:30095.8(43.46%),P:1e-44	Tpos:93.1,Tstd:78.6,Bpos:88.7,Bstd:89.0,StrandBias:10.0,Multiplicity:1.23
0.125	0.648	0.110	0.117
0.121	0.095	0.094	0.690
0.074	0.138	0.670	0.118
0.142	0.185	0.176	0.497
0.578	0.088	0.179	0.155
0.121	0.108	0.634	0.137
0.140	0.157	0.568	0.135
0.122	0.656	0.111	0.111
0.077	0.183	0.082	0.658
0.072	0.154	0.107	0.667
0.055	0.119	0.104	0.722
0.237	0.371	0.381	0.011
>GCTGTAGGCTTT	4-GCTGTAGGCTTT	-11.173172	-95.717778	0	T:5210.0(52.01%),B:30996.3(44.76%),P:1e-41	Tpos:91.7,Tstd:63.0,Bpos:87.5,Bstd:96.6,StrandBias:10.0,Multiplicity:1.48
0.001	0.001	0.997	0.001
0.001	0.997	0.001	0.001
0.001	0.001	0.001	0.997
0.001	0.001	0.997	0.001
0.001	0.001	0.001	0.997
0.968	0.030	0.001	0.001
0.001	0.001	0.997	0.001
0.001	0.001	0.997	0.001
0.001	0.968	0.001	0.030
0.030	0.001	0.001	0.968
0.001	0.001	0.030	0.968
0.031	0.031	0.031	0.907
>VGCSGCSGCSGC	5-VGCSGCSGCSGC	8.151410	-90.319312	0	T:814.0(8.13%),B:3316.3(4.79%),P:1e-39	Tpos:90.9,Tstd:65.4,Bpos:78.7,Bstd:147.0,StrandBias:10.0,Multiplicity:1.32
0.231	0.353	0.368	0.048
0.060	0.153	0.729	0.058
0.087	0.693	0.159	0.061
0.235	0.268	0.408	0.089
0.026	0.144	0.788	0.042
0.059	0.757	0.151	0.033
0.212	0.394	0.346	0.047
0.077	0.133	0.726	0.064
0.053	0.794	0.123	0.030
0.199	0.448	0.321	0.032
0.076	0.109	0.756	0.059
0.078	0.716	0.155	0.051
>CCCGCTTCGCGG	6-CCCGCTTCGCGG	11.369735	-80.418403	0	T:63.0(0.63%),B:28.0(0.04%),P:1e-34	Tpos:118.9,Tstd:74.5,Bpos:96.1,Bstd:134.2,StrandBias:10.0,Multiplicity:1.00
0.001	0.884	0.114	0.001
0.001	0.997	0.001	0.001
0.001	0.768	0.001	0.230
0.001	0.039	0.845	0.115
0.001	0.997	0.001	0.001
0.001	0.006	0.115	0.878
0.001	0.244	0.139	0.616
0.001	0.884	0.114	0.001
0.001	0.174	0.822	0.003
0.001	0.805	0.193	0.001
0.001	0.002	0.996	0.001
0.001	0.003	0.881	0.115
>AACCAGTTATGA	7-AACCAGTTATGA	9.752143	-67.900528	0	T:42.0(0.42%),B:8.2(0.01%),P:1e-29	Tpos:99.1,Tstd:66.6,Bpos:77.6,Bstd:30.1,StrandBias:10.0,Multiplicity:1.00
0.997	0.001	0.001	0.001
0.997	0.001	0.001	0.001
0.029	0.668	0.001	0.302
0.001	0.997	0.001	0.001
0.684	0.314	0.001	0.001
0.001	0.001	0.997	0.001
0.001	0.319	0.001	0.679
0.016	0.001	0.001	0.982
0.997	0.001	0.001	0.001
0.331	0.001	0.001	0.667
0.001	0.001	0.997	0.001
0.697	0.001	0.301	0.001
>TGCCSWATCAAC	8-TGCCSWATCAAC	11.029312	-67.786931	0	T:37.0(0.37%),B:3.5(0.01%),P:1e-29	Tpos:118.2,Tstd:56.6,Bpos:76.5,Bstd:41.3,StrandBias:10.0,Multiplicity:1.00
0.001	0.001	0.001	0.997
0.001	0.001	0.921	0.077
0.001	0.997	0.001	0.001
0.001	0.802	0.078	0.119
0.119	0.353	0.449	0.078
0.451	0.157	0.039	0.353
0.960	0.038	0.001	0.001
0.039	0.001	0.039	0.921
0.039	0.883	0.039	0.039
0.844	0.039	0.039	0.078
0.921	0.077	0.001	0.001
0.117	0.881	0.001	0.001
>TTCACTGACCGG	9-TTCACTGACCGG	-4.468188	-63.662221	0	T:5565.0(55.56%),B:34405.9(49.69%),P:1e-27	Tpos:95.8,Tstd:67.3,Bpos:87.9,Bstd:99.8,StrandBias:10.0,Multiplicity:1.40
0.001	0.001	0.307	0.691
0.054	0.154	0.001	0.791
0.010	0.835	0.154	0.001
0.997	0.001	0.001	0.001
0.001	0.640	0.358	0.001
0.001	0.001	0.001	0.997
0.001	0.001	0.997	0.001
0.513	0.178	0.308	0.001
0.154	0.691	0.001	0.154
0.154	0.835	0.010	0.001
0.001	0.154	0.844	0.001
0.001	0.001	0.997	0.001
>TACTGACGCGCA	10-TACTGACGCGCA	11.232606	-62.092992	0	T:30.0(0.30%),B:0.5(0.00%),P:1e-26	Tpos:73.5,Tstd:48.7,Bpos:77.0,Bstd:2.9,StrandBias:10.0,Multiplicity:1.00
0.001	0.001	0.001	0.997
0.684	0.105	0.210	0.001
0.105	0.637	0.257	0.001
0.104	0.001	0.001	0.894
0.001	0.001	0.997	0.001
0.997	0.001	0.001	0.001
0.001	0.789	0.105	0.105
0.001	0.001	0.997	0.001
0.105	0.684	0.001	0.210
0.001	0.104	0.894	0.001
0.001	0.894	0.001	0.104
0.578	0.316	0.105	0.001
>GGCGGCGACGGC	11-GGCGGCGACGGC	11.439008	-58.596396	0	T:46.0(0.46%),B:21.5(0.03%),P:1e-25	Tpos:92.4,Tstd:58.4,Bpos:120.6,Bstd:263.0,StrandBias:10.0,Multiplicity:1.14
0.044	0.001	0.954	0.001
0.090	0.090	0.819	0.001
0.044	0.954	0.001	0.001
0.044	0.001	0.954	0.001
0.001	0.001	0.997	0.001
0.045	0.909	0.001	0.045
0.001	0.044	0.954	0.001
0.954	0.001	0.001	0.044
0.001	0.997	0.001	0.001
0.001	0.001	0.954	0.044
0.232	0.001	0.766	0.001
0.001	0.864	0.045	0.090
>CGMGCCGGGCCC	12-CGMGCCGGGCCC	12.603330	-57.032443	0	T:49.0(0.49%),B:28.6(0.04%),P:1e-24	Tpos:133.0,Tstd:108.6,Bpos:27.9,Bstd:52.1,StrandBias:10.0,Multiplicity:1.00
0.001	0.936	0.062	0.001
0.001	0.001	0.997	0.001
0.505	0.431	0.063	0.001
0.001	0.062	0.936	0.001
0.063	0.811	0.063	0.063
0.001	0.997	0.001	0.001
0.001	0.001	0.997	0.001
0.001	0.001	0.997	0.001
0.001	0.001	0.997	0.001
0.001	0.997	0.001	0.001
0.001	0.936	0.062	0.001
0.001	0.873	0.063	0.063
>AACGGCTACTAC	13-AACGGCTACTAC	10.656566	-51.868680	0	T:30.0(0.30%),B:4.9(0.01%),P:1e-22	Tpos:154.5,Tstd:89.3,Bpos:83.4,Bstd:26.0,StrandBias:10.0,Multiplicity:1.00
0.629	0.124	0.062	0.185
0.874	0.002	0.123	0.001
0.061	0.877	0.001	0.061
0.001	0.123	0.753	0.123
0.001	0.042	0.834	0.123
0.061	0.937	0.001	0.001
0.061	0.001	0.061	0.877
0.686	0.185	0.126	0.003
0.001	0.997	0.001	0.001
0.001	0.144	0.061	0.794
0.830	0.001	0.001	0.168
0.001	0.937	0.001	0.061
>TGTAGGCTTTTV	14-TGTAGGCTTTTV	4.156983	-51.192158	0	T:3183.0(31.78%),B:18718.6(27.03%),P:1e-22	Tpos:93.0,Tstd:84.7,Bpos:90.0,Bstd:72.4,StrandBias:10.0,Multiplicity:1.22
0.133	0.084	0.162	0.621
0.112	0.136	0.604	0.148
0.147	0.160	0.147	0.546
0.585	0.102	0.152	0.161
0.150	0.088	0.583	0.179
0.129	0.131	0.588	0.152
0.133	0.586	0.120	0.161
0.136	0.119	0.109	0.636
0.084	0.116	0.099	0.701
0.082	0.144	0.099	0.675
0.057	0.039	0.040	0.864
0.255	0.343	0.393	0.009
>GTATADTGGTKA	15-GTATADTGGTKA	11.117506	-47.062445	0	T:38.0(0.38%),B:19.9(0.03%),P:1e-20	Tpos:71.9,Tstd:27.9,Bpos:89.4,Bstd:59.3,StrandBias:10.0,Multiplicity:1.00
0.002	0.001	0.996	0.001
0.001	0.001	0.001	0.997
0.550	0.072	0.377	0.001
0.001	0.001	0.001	0.997
0.997	0.001	0.001	0.001
0.369	0.001	0.267	0.364
0.001	0.039	0.182	0.778
0.001	0.001	0.997	0.001
0.001	0.001	0.634	0.364
0.001	0.035	0.001	0.963
0.184	0.001	0.367	0.448
0.997	0.001	0.001	0.001
>RTAGCTCAGTSG	16-RTAGCTCAGTSG	11.476254	-45.908842	0	T:31.0(0.31%),B:9.9(0.01%),P:1e-19	Tpos:53.0,Tstd:28.4,Bpos:98.6,Bstd:66.3,StrandBias:10.0,Multiplicity:1.00
0.489	0.001	0.509	0.001
0.001	0.001	0.001	0.997
0.691	0.001	0.154	0.154
0.001	0.021	0.977	0.001
0.001	0.995	0.003	0.001
0.001	0.001	0.001	0.997
0.001	0.997	0.001	0.001
0.997	0.001	0.001	0.001
0.001	0.154	0.691	0.154
0.001	0.001	0.154	0.844
0.022	0.352	0.467	0.159
0.175	0.001	0.823	0.001
>GTAACAACTCAC	17-GTAACAACTCAC	13.454864	-45.527172	0	T:22.0(0.22%),B:0.3(0.00%),P:1e-19	Tpos:88.5,Tstd:38.9,Bpos:94.0,Bstd:0.0,StrandBias:10.0,Multiplicity:1.00
0.001	0.058	0.940	0.001
0.001	0.058	0.001	0.940
0.940	0.001	0.001	0.058
0.997	0.001	0.001	0.001
0.058	0.940	0.001	0.001
0.997	0.001	0.001	0.001
0.997	0.001	0.001	0.001
0.001	0.997	0.001	0.001
0.001	0.001	0.001	0.997
0.001	0.997	0.001	0.001
0.997	0.001	0.001	0.001
0.001	0.881	0.117	0.001
>GATTCCCACAGT	18-GATTCCCACAGT	11.594813	-45.427781	0	T:30.0(0.30%),B:8.5(0.01%),P:1e-19	Tpos:91.7,Tstd:49.2,Bpos:87.1,Bstd:20.8,StrandBias:10.0,Multiplicity:1.00
0.193	0.136	0.635	0.036
0.848	0.017	0.001	0.134
0.001	0.001	0.001	0.997
0.017	0.001	0.002	0.980
0.016	0.982	0.001	0.001
0.192	0.806	0.001	0.001
0.209	0.789	0.001	0.001
0.789	0.001	0.001	0.209
0.193	0.787	0.019	0.001
0.612	0.193	0.001	0.194
0.193	0.001	0.803	0.003
0.001	0.019	0.150	0.830
>GCCGACGGGCGA	19-GCCGACGGGCGA	10.409522	-44.032003	0	T:25.0(0.25%),B:3.3(0.00%),P:1e-19	Tpos:97.7,Tstd:80.5,Bpos:104.3,Bstd:26.5,StrandBias:10.0,Multiplicity:1.00
0.100	0.100	0.700	0.100
0.100	0.700	0.100	0.100
0.100	0.700	0.100	0.100
0.100	0.100	0.700	0.100
0.700	0.100	0.100	0.100
0.100	0.700	0.100	0.100
0.100	0.100	0.700	0.100
0.100	0.100	0.700	0.100
0.100	0.100	0.700	0.100
0.100	0.700	0.100	0.100
0.100	0.100	0.700	0.100
0.700	0.100	0.100	0.100
>MGYCCGTSCGYC	20-MGYCCGTSCGYC	11.233755	-42.180175	0	T:25.0(0.25%),B:4.7(0.01%),P:1e-18	Tpos:65.5,Tstd:59.7,Bpos:124.0,Bstd:11.0,StrandBias:10.0,Multiplicity:1.00
0.445	0.553	0.001	0.001
0.001	0.001	0.685	0.313
0.001	0.535	0.001	0.463
0.222	0.555	0.001	0.222
0.001	0.997	0.001	0.001
0.044	0.044	0.911	0.001
0.001	0.001	0.223	0.775
0.001	0.537	0.461	0.001
0.001	0.899	0.091	0.009
0.001	0.001	0.776	0.222
0.001	0.444	0.008	0.547
0.001	0.997	0.001	0.001
>AACCCGGTCAGC	21-AACCCGGTCAGC	12.749526	-32.945210	0	T:25.0(0.25%),B:11.9(0.02%),P:1e-14	Tpos:114.6,Tstd:65.2,Bpos:49.5,Bstd:22.8,StrandBias:10.0,Multiplicity:1.00
0.997	0.001	0.001	0.001
0.614	0.001	0.384	0.001
0.001	0.997	0.001	0.001
0.001	0.922	0.001	0.076
0.001	0.997	0.001	0.001
0.076	0.001	0.922	0.001
0.076	0.001	0.922	0.001
0.001	0.077	0.077	0.845
0.001	0.997	0.001	0.001
0.997	0.001	0.001	0.001
0.001	0.001	0.997	0.001
0.001	0.997	0.001	0.001
>CCGCAGCCGCGG	22-CCGCAGCCGCGG	9.715835	-28.044019	0	T:82.0(0.82%),B:206.8(0.30%),P:1e-12	Tpos:92.0,Tstd:39.9,Bpos:114.0,Bstd:2.3,StrandBias:10.0,Multiplicity:1.03
0.049	0.726	0.150	0.075
0.120	0.620	0.148	0.112
0.095	0.174	0.621	0.110
0.063	0.771	0.156	0.010
0.486	0.219	0.195	0.100
0.059	0.148	0.712	0.081
0.069	0.762	0.112	0.057
0.091	0.646	0.151	0.112
0.096	0.123	0.685	0.096
0.106	0.666	0.148	0.080
0.106	0.170	0.588	0.136
0.052	0.157	0.716	0.075
>CACGTCCTCGGA	23-CACGTCCTCGGA	8.342784	-26.945259	0	T:22.0(0.22%),B:12.2(0.02%),P:1e-11	Tpos:77.2,Tstd:65.9,Bpos:58.4,Bstd:26.0,StrandBias:10.0,Multiplicity:1.00
0.001	0.997	0.001	0.001
0.667	0.001	0.001	0.331
0.001	0.997	0.001	0.001
0.001	0.001	0.777	0.221
0.001	0.001	0.001	0.997
0.001	0.997	0.001	0.001
0.001	0.997	0.001	0.001
0.001	0.001	0.001	0.997
0.001	0.997	0.001	0.001
0.001	0.001	0.997	0.001
0.001	0.001	0.997	0.001
0.997	0.001	0.001	0.001
>CCAGGCGGAGTC	24-CCAGGCGGAGTC	9.955348	-25.732324	0	T:53.0(0.53%),B:104.1(0.15%),P:1e-11	Tpos:95.3,Tstd:51.4,Bpos:78.0,Bstd:55.8,StrandBias:10.0,Multiplicity:1.00
0.091	0.670	0.135	0.104
0.049	0.631	0.319	0.001
0.610	0.226	0.001	0.163
0.001	0.037	0.908	0.054
0.067	0.080	0.852	0.001
0.147	0.650	0.093	0.110
0.080	0.046	0.820	0.054
0.036	0.073	0.824	0.067
0.514	0.110	0.218	0.158
0.091	0.086	0.822	0.001
0.010	0.155	0.225	0.610
0.085	0.707	0.195	0.013
>GCTCGGACTCGG	25-GCTCGGACTCGG	10.409522	-21.652153	0	T:24.0(0.24%),B:24.1(0.03%),P:1e-9	Tpos:74.6,Tstd:51.2,Bpos:26.4,Bstd:16.7,StrandBias:10.0,Multiplicity:1.00
0.100	0.100	0.700	0.100
0.100	0.700	0.100	0.100
0.100	0.100	0.100	0.700
0.100	0.700	0.100	0.100
0.100	0.100	0.700	0.100
0.100	0.100	0.700	0.100
0.700	0.100	0.100	0.100
0.100	0.700	0.100	0.100
0.100	0.100	0.100	0.700
0.100	0.700	0.100	0.100
0.100	0.100	0.700	0.100
0.100	0.100	0.700	0.100
>WGGAC	1-WGGAC	6.107522	-209.574063	0	T:3950.0(39.43%),B:20252.4(29.25%),P:1e-91	Tpos:93.7,Tstd:66.4,Bpos:88.8,Bstd:98.1,StrandBias:10.0,Multiplicity:1.33
0.444	0.001	0.001	0.554
0.001	0.001	0.997	0.001
0.001	0.001	0.997	0.001
0.997	0.001	0.001	0.001
0.001	0.997	0.001	0.001
>CGTAA	2-CGTAA	1.247845	-159.318546	0	T:2492.0(24.88%),B:12000.3(17.33%),P:1e-69	Tpos:102.4,Tstd:75.6,Bpos:87.4,Bstd:90.5,StrandBias:10.0,Multiplicity:1.19
0.001	0.866	0.132	0.001
0.001	0.001	0.997	0.001
0.001	0.001	0.001	0.997
0.997	0.001	0.001	0.001
0.972	0.001	0.026	0.001
>CTACG	3-CTACG	1.698025	-146.153497	0	T:6118.0(61.08%),B:36086.8(52.11%),P:1e-63	Tpos:94.1,Tstd:75.6,Bpos:88.0,Bstd:105.3,StrandBias:10.0,Multiplicity:1.45
0.001	0.830	0.168	0.001
0.001	0.001	0.001	0.997
0.799	0.004	0.001	0.196
0.001	0.997	0.001	0.001
0.001	0.163	0.835	0.001
>TGATG	4-TGATG	3.471030	-122.439807	0	T:4689.0(46.81%),B:26789.7(38.69%),P:1e-53	Tpos:88.9,Tstd:66.3,Bpos:87.3,Bstd:83.0,StrandBias:10.0,Multiplicity:1.41
0.001	0.099	0.001	0.899
0.068	0.001	0.930	0.001
0.997	0.001	0.001	0.001
0.168	0.314	0.001	0.517
0.001	0.001	0.997	0.001
>CGSCG	5-CGSCG	0.011697	-118.389564	0	T:3517.0(35.11%),B:19154.1(27.66%),P:1e-51	Tpos:93.5,Tstd:69.8,Bpos:83.7,Bstd:139.6,StrandBias:10.0,Multiplicity:2.64
0.001	0.997	0.001	0.001
0.001	0.001	0.997	0.001
0.001	0.564	0.434	0.001
0.001	0.997	0.001	0.001
0.001	0.001	0.997	0.001
>CTGCT	6-CTGCT	5.678124	-114.674305	0	T:4430.0(44.22%),B:25235.2(36.44%),P:1e-49	Tpos:93.7,Tstd:72.7,Bpos:88.7,Bstd:100.7,StrandBias:10.0,Multiplicity:1.39
0.001	0.997	0.001	0.001
0.001	0.001	0.001	0.997
0.001	0.001	0.997	0.001
0.001	0.709	0.001	0.289
0.001	0.001	0.001	0.997
>AGAAC	7-AGAAC	3.977627	-113.796461	0	T:3444.0(34.38%),B:18782.9(27.12%),P:1e-49	Tpos:95.2,Tstd:83.0,Bpos:88.3,Bstd:80.8,StrandBias:10.0,Multiplicity:1.28
0.997	0.001	0.001	0.001
0.001	0.114	0.814	0.071
0.741	0.001	0.001	0.257
0.997	0.001	0.001	0.001
0.001	0.997	0.001	0.001
>CATCG	8-CATCG	2.908568	-113.413804	0	T:1987.0(19.84%),B:9702.5(14.01%),P:1e-49	Tpos:94.5,Tstd:79.1,Bpos:89.2,Bstd:109.6,StrandBias:10.0,Multiplicity:1.18
0.001	0.917	0.001	0.081
0.997	0.001	0.001	0.001
0.223	0.001	0.001	0.775
0.001	0.997	0.001	0.001
0.001	0.001	0.997	0.001
>TACCG	9-TACCG	4.092172	-109.936807	0	T:4338.0(43.31%),B:24734.5(35.72%),P:1e-47	Tpos:96.2,Tstd:68.4,Bpos:85.1,Bstd:123.4,StrandBias:10.0,Multiplicity:1.53
0.001	0.001	0.196	0.802
0.697	0.001	0.301	0.001
0.001	0.997	0.001	0.001
0.001	0.997	0.001	0.001
0.001	0.001	0.997	0.001
>AGCAG	10-AGCAG	5.529150	-96.728895	0	T:4112.0(41.05%),B:23556.6(34.02%),P:1e-42	Tpos:94.3,Tstd:70.1,Bpos:86.2,Bstd:105.9,StrandBias:10.0,Multiplicity:1.46
0.997	0.001	0.001	0.001
0.001	0.001	0.997	0.001
0.001	0.997	0.001	0.001
0.749	0.001	0.249	0.001
0.001	0.001	0.997	0.001
>TGAGT	11-TGAGT	5.925200	-89.790106	0	T:2828.0(28.23%),B:15371.8(22.20%),P:1e-38	Tpos:93.6,Tstd:65.5,Bpos:86.5,Bstd:78.9,StrandBias:10.0,Multiplicity:1.21
0.001	0.001	0.001	0.997
0.001	0.001	0.997	0.001
0.997	0.001	0.001	0.001
0.001	0.370	0.628	0.001
0.001	0.001	0.001	0.997
>TTTTC	12-TTTTC	3.202186	-85.074871	0	T:7496.0(74.83%),B:47526.1(68.63%),P:1e-36	Tpos:88.0,Tstd:82.3,Bpos:88.9,Bstd:78.5,StrandBias:10.0,Multiplicity:2.70
0.100	0.100	0.100	0.700
0.100	0.100	0.100	0.700
0.100	0.100	0.100	0.700
0.100	0.100	0.100	0.700
0.100	0.700	0.100	0.100
>AGTCG	13-AGTCG	5.922494	-40.276970	0	T:1679.0(16.76%),B:9344.8(13.49%),P:1e-17	Tpos:92.6,Tstd:67.5,Bpos:88.0,Bstd:101.9,StrandBias:10.0,Multiplicity:1.10
0.997	0.001	0.001	0.001
0.001	0.001	0.997	0.001
0.001	0.001	0.001	0.997
0.001	0.629	0.001	0.369
0.001	0.001	0.997	0.001
>GGTRAG	1-GGTRAG	7.581196	-290.568775	0	T:1756.0(17.53%),B:6367.2(9.19%),P:1e-126	Tpos:119.2,Tstd:62.0,Bpos:87.2,Bstd:97.2,StrandBias:10.0,Multiplicity:1.04
0.001	0.001	0.997	0.001
0.001	0.001	0.997	0.001
0.001	0.001	0.001	0.997
0.486	0.001	0.512	0.001
0.997	0.001	0.001	0.001
0.001	0.001	0.997	0.001
>CATCGA	2-CATCGA	3.150966	-227.720459	0	T:5405.0(53.96%),B:29556.9(42.68%),P:1e-98	Tpos:94.9,Tstd:72.1,Bpos:89.0,Bstd:98.2,StrandBias:10.0,Multiplicity:1.50
0.082	0.657	0.190	0.071
0.618	0.034	0.048	0.300
0.252	0.159	0.094	0.495
0.029	0.728	0.072	0.171
0.106	0.020	0.812	0.062
0.696	0.048	0.137	0.119
>GTAAGT	3-GTAAGT	7.043962	-193.524271	0	T:1064.0(10.62%),B:3651.4(5.27%),P:1e-84	Tpos:108.3,Tstd:60.9,Bpos:85.5,Bstd:76.3,StrandBias:10.0,Multiplicity:1.04
0.001	0.001	0.997	0.001
0.001	0.001	0.001	0.997
0.714	0.001	0.284	0.001
0.997	0.001	0.001	0.001
0.001	0.001	0.997	0.001
0.001	0.001	0.001	0.997
>CGNCGA	4-CGNCGA	3.501104	-177.576593	0	T:4392.0(43.85%),B:23675.7(34.19%),P:1e-77	Tpos:94.7,Tstd:68.0,Bpos:85.3,Bstd:135.0,StrandBias:10.0,Multiplicity:2.63
0.001	0.774	0.103	0.122
0.131	0.020	0.780	0.069
0.347	0.239	0.203	0.211
0.050	0.694	0.136	0.120
0.079	0.033	0.870	0.018
0.537	0.224	0.140	0.099
>CAGGTA	5-CAGGTA	1.332920	-164.632373	0	T:1604.0(16.01%),B:6776.5(9.79%),P:1e-71	Tpos:103.7,Tstd:72.7,Bpos:89.3,Bstd:100.1,StrandBias:10.0,Multiplicity:1.07
0.278	0.562	0.159	0.001
0.937	0.061	0.001	0.001
0.001	0.001	0.997	0.001
0.001	0.001	0.997	0.001
0.001	0.001	0.001	0.997
0.997	0.001	0.001	0.001
>TGTRGA	6-TGTRGA	4.161239	-164.291195	0	T:4480.0(44.72%),B:24508.4(35.39%),P:1e-71	Tpos:89.5,Tstd:66.3,Bpos:88.9,Bstd:86.5,StrandBias:10.0,Multiplicity:1.38
0.112	0.054	0.040	0.794
0.097	0.001	0.797	0.105
0.234	0.276	0.053	0.437
0.389	0.129	0.318	0.164
0.001	0.036	0.870	0.093
0.799	0.072	0.086	0.043
>AGCAGC	7-AGCAGC	4.012075	-146.820762	0	T:4341.0(43.34%),B:23938.8(34.57%),P:1e-63	Tpos:94.7,Tstd:66.5,Bpos:88.4,Bstd:104.6,StrandBias:10.0,Multiplicity:1.50
0.907	0.001	0.091	0.001
0.135	0.001	0.797	0.067
0.001	0.997	0.001	0.001
0.832	0.001	0.166	0.001
0.001	0.103	0.895	0.001
0.126	0.872	0.001	0.001
>CTGTTY	8-CTGTTY	3.451601	-132.349990	0	T:6435.0(64.24%),B:38645.1(55.81%),P:1e-57	Tpos:88.9,Tstd:77.2,Bpos:89.5,Bstd:84.6,StrandBias:10.0,Multiplicity:1.75
0.112	0.746	0.001	0.141
0.067	0.287	0.086	0.560
0.001	0.035	0.693	0.271
0.095	0.100	0.046	0.759
0.122	0.095	0.035	0.748
0.001	0.369	0.123	0.507
>GACCTG	9-GACCTG	5.347580	-117.828686	0	T:2069.0(20.65%),B:10120.1(14.61%),P:1e-51	Tpos:92.0,Tstd:65.7,Bpos:89.1,Bstd:94.5,StrandBias:10.0,Multiplicity:1.13
0.257	0.001	0.741	0.001
0.997	0.001	0.001	0.001
0.001	0.997	0.001	0.001
0.001	0.796	0.202	0.001
0.001	0.001	0.001	0.997
0.001	0.001	0.997	0.001
>TACCCT	10-TACCCT	1.141015	-111.715547	0	T:4145.0(41.38%),B:23410.6(33.81%),P:1e-48	Tpos:92.8,Tstd:78.9,Bpos:90.7,Bstd:101.5,StrandBias:10.0,Multiplicity:1.29
0.001	0.001	0.017	0.981
0.786	0.001	0.212	0.001
0.001	0.997	0.001	0.001
0.001	0.997	0.001	0.001
0.001	0.827	0.171	0.001
0.001	0.001	0.001	0.997
>CGTTCG	11-CGTTCG	3.780367	-93.804726	0	T:2942.0(29.37%),B:16006.7(23.12%),P:1e-40	Tpos:92.3,Tstd:70.6,Bpos:87.6,Bstd:117.5,StrandBias:10.0,Multiplicity:1.25
0.001	0.840	0.032	0.127
0.156	0.141	0.650	0.053
0.001	0.057	0.001	0.941
0.048	0.183	0.001	0.768
0.001	0.904	0.070	0.025
0.001	0.030	0.896	0.073
>CTATGA	12-CTATGA	4.495180	-89.165612	0	T:2243.0(22.39%),B:11710.9(16.91%),P:1e-38	Tpos:93.7,Tstd:78.6,Bpos:87.0,Bstd:79.6,StrandBias:10.0,Multiplicity:1.12
0.001	0.809	0.189	0.001
0.001	0.099	0.001	0.899
0.997	0.001	0.001	0.001
0.001	0.001	0.001	0.997
0.073	0.001	0.925	0.001
0.701	0.001	0.297	0.001
>TGACTG	13-TGACTG	7.019005	-65.855106	0	T:1245.0(12.43%),B:6108.5(8.82%),P:1e-28	Tpos:89.7,Tstd:71.3,Bpos:90.1,Bstd:87.4,StrandBias:10.0,Multiplicity:1.07
0.001	0.001	0.277	0.721
0.001	0.001	0.997	0.001
0.997	0.001	0.001	0.001
0.001	0.997	0.001	0.001
0.001	0.001	0.001	0.997
0.001	0.001	0.997	0.001
>AATCGG	14-AATCGG	4.559933	-63.678729	0	T:964.0(9.62%),B:4504.5(6.50%),P:1e-27	Tpos:97.1,Tstd:67.3,Bpos:90.3,Bstd:115.7,StrandBias:10.0,Multiplicity:1.08
0.781	0.001	0.001	0.217
0.997	0.001	0.001	0.001
0.001	0.213	0.001	0.785
0.001	0.997	0.001	0.001
0.001	0.176	0.822	0.001
0.001	0.001	0.783	0.215
>AAGGAC	15-AAGGAC	2.285895	-63.396012	0	T:9930.0(99.13%),B:67573.1(97.58%),P:1e-27	Tpos:95.0,Tstd:73.8,Bpos:89.0,Bstd:91.9,StrandBias:10.0,Multiplicity:4.17
0.700	0.100	0.100	0.100
0.700	0.100	0.100	0.100
