>AGGTAAGTS	1-AGGTAAGTS	5.293673	-400.353236	0	T:1942.0(19.39%),B:6473.5(9.35%),P:1e-173	Tpos:114.5,Tstd:60.3,Bpos:88.3,Bstd:89.5,StrandBias:10.0,Multiplicity:1.06
0.428	0.240	0.073	0.259
0.174	0.090	0.560	0.176
0.001	0.003	0.948	0.048
0.001	0.032	0.015	0.952
0.589	0.009	0.366	0.036
0.792	0.118	0.069	0.021
0.127	0.136	0.598	0.139
0.063	0.233	0.126	0.578
0.219	0.372	0.284	0.125
>HCGAGGACG	2-HCGAGGACG	4.553239	-268.750551	0	T:3851.0(38.44%),B:18737.6(27.06%),P:1e-116	Tpos:95.7,Tstd:60.8,Bpos:88.6,Bstd:106.2,StrandBias:10.0,Multiplicity:1.43
0.340	0.231	0.089	0.339
0.001	0.665	0.261	0.073
0.290	0.013	0.696	0.001
0.877	0.001	0.001	0.121
0.050	0.292	0.592	0.066
0.326	0.077	0.593	0.004
0.813	0.105	0.081	0.001
0.001	0.612	0.346	0.041
0.044	0.214	0.456	0.286
>MTGMWGAAC	3-MTGMWGAAC	4.397096	-227.173042	0	T:5639.0(56.29%),B:31169.9(45.01%),P:1e-98	Tpos:90.3,Tstd:65.2,Bpos:89.0,Bstd:97.8,StrandBias:10.0,Multiplicity:1.47
0.344	0.452	0.001	0.203
0.323	0.056	0.045	0.576
0.001	0.007	0.991	0.001
0.505	0.493	0.001	0.001
0.308	0.185	0.104	0.402
0.001	0.001	0.997	0.001
0.604	0.001	0.177	0.218
0.451	0.125	0.192	0.232
0.020	0.539	0.297	0.144
>ACWWCATCG	4-ACWWCATCG	3.690348	-165.889113	0	T:4932.0(49.24%),B:27494.9(39.71%),P:1e-72	Tpos:95.9,Tstd:74.9,Bpos:88.2,Bstd:98.3,StrandBias:10.0,Multiplicity:1.39
0.475	0.134	0.112	0.279
0.001	0.735	0.198	0.066
0.411	0.017	0.242	0.330
0.386	0.135	0.065	0.415
0.001	0.997	0.001	0.001
0.495	0.121	0.257	0.127
0.105	0.251	0.097	0.547
0.001	0.707	0.226	0.066
0.185	0.007	0.795	0.013
>CCTTTTTYC	5-CCTTTTTYC	0.229372	-135.505050	0	T:5110.0(51.01%),B:29340.1(42.37%),P:1e-58	Tpos:86.2,Tstd:83.6,Bpos:89.0,Bstd:81.3,StrandBias:10.0,Multiplicity:1.58
0.001	0.601	0.047	0.351
0.109	0.553	0.036	0.302
0.001	0.345	0.001	0.653
0.001	0.108	0.052	0.839
0.001	0.001	0.001	0.997
0.001	0.002	0.001	0.996
0.002	0.055	0.001	0.942
0.001	0.562	0.001	0.436
0.142	0.856	0.001	0.001
>GCRGCGRCK	6-GCRGCGRCK	5.959807	-123.986724	0	T:2075.0(20.71%),B:10055.4(14.52%),P:1e-53	Tpos:87.6,Tstd:62.9,Bpos:82.5,Bstd:124.7,StrandBias:10.0,Multiplicity:1.25
0.211	0.001	0.604	0.184
0.074	0.570	0.001	0.355
0.519	0.001	0.479	0.001
0.001	0.001	0.997	0.001
0.001	0.997	0.001	0.001
0.206	0.001	0.644	0.149
0.327	0.196	0.476	0.001
0.001	0.997	0.001	0.001
0.198	0.001	0.377	0.424
>CCGCCGCCG	7-CCGCCGCCG	6.107646	-103.969450	0	T:1666.0(16.63%),B:7950.9(11.48%),P:1e-45	Tpos:92.9,Tstd:67.1,Bpos:84.2,Bstd:139.1,StrandBias:10.0,Multiplicity:1.55
0.074	0.756	0.113	0.057
0.096	0.684	0.181	0.039
0.033	0.108	0.812	0.047
0.049	0.764	0.074	0.113
0.043	0.715	0.139	0.103
0.018	0.030	0.893	0.059
0.052	0.754	0.104	0.090
0.057	0.749	0.100	0.094
0.048	0.045	0.873	0.034
>SAWCSAGAG	8-SAWCSAGAG	6.332019	-96.461539	0	T:831.0(8.30%),B:3339.0(4.82%),P:1e-41	Tpos:97.0,Tstd:67.6,Bpos:88.3,Bstd:87.3,StrandBias:10.0,Multiplicity:1.04
0.001	0.447	0.485	0.067
0.997	0.001	0.001	0.001
0.426	0.001	0.001	0.572
0.001	0.997	0.001	0.001
0.001	0.498	0.500	0.001
0.653	0.001	0.098	0.248
0.295	0.158	0.546	0.001
0.680	0.318	0.001	0.001
0.001	0.001	0.606	0.392
>ACCGGGACC	9-ACCGGGACC	6.844221	-86.582798	0	T:979.0(9.77%),B:4262.3(6.16%),P:1e-37	Tpos:93.9,Tstd:62.7,Bpos:85.4,Bstd:104.5,StrandBias:10.0,Multiplicity:1.08
0.745	0.055	0.085	0.115
0.017	0.629	0.303	0.051
0.001	0.746	0.001	0.252
0.030	0.001	0.743	0.226
0.011	0.001	0.926	0.062
0.001	0.041	0.957	0.001
0.803	0.188	0.001	0.008
0.001	0.621	0.377	0.001
0.165	0.728	0.106	0.001
>GTTCGAWTC	10-GTTCGAWTC	6.909244	-80.952174	0	T:147.0(1.47%),B:246.6(0.36%),P:1e-35	Tpos:104.8,Tstd:78.8,Bpos:85.1,Bstd:60.3,StrandBias:10.0,Multiplicity:1.01
0.001	0.001	0.997	0.001
0.016	0.001	0.001	0.982
0.001	0.010	0.049	0.940
0.001	0.963	0.035	0.001
0.179	0.001	0.810	0.010
0.988	0.001	0.010	0.001
0.500	0.058	0.001	0.441
0.021	0.024	0.017	0.938
0.001	0.997	0.001	0.001
>CGTCTACCS	11-CGTCTACCS	7.824781	-49.156584	0	T:59.0(0.59%),B:63.0(0.09%),P:1e-21	Tpos:116.2,Tstd:89.5,Bpos:94.5,Bstd:63.3,StrandBias:10.0,Multiplicity:1.00
0.001	0.997	0.001	0.001
0.001	0.001	0.997	0.001
0.001	0.001	0.058	0.940
0.001	0.997	0.001	0.001
0.001	0.001	0.001	0.997
0.997	0.001	0.001	0.001
0.001	0.810	0.021	0.168
0.001	0.982	0.001	0.016
0.210	0.457	0.332	0.001
>CCCCCTTCG	12-CCCCCTTCG	8.887468	-47.740137	0	T:61.0(0.61%),B:70.0(0.10%),P:1e-20	Tpos:126.4,Tstd:175.1,Bpos:90.1,Bstd:75.9,StrandBias:10.0,Multiplicity:1.00
0.001	0.997	0.001	0.001
0.001	0.997	0.001	0.001
0.001	0.997	0.001	0.001
0.001	0.763	0.099	0.137
0.041	0.957	0.001	0.001
0.001	0.099	0.001	0.899
0.001	0.001	0.001	0.997
0.001	0.997	0.001	0.001
0.001	0.001	0.997	0.001
>CCGTMCGCC	13-CCGTMCGCC	6.911985	-45.866489	0	T:113.0(1.13%),B:248.5(0.36%),P:1e-19	Tpos:82.7,Tstd:72.0,Bpos:88.6,Bstd:121.7,StrandBias:10.0,Multiplicity:1.31
0.001	0.845	0.001	0.153
0.084	0.914	0.001	0.001
0.001	0.001	0.997	0.001
0.008	0.001	0.001	0.990
0.461	0.537	0.001	0.001
0.001	0.996	0.002	0.001
0.038	0.001	0.960	0.001
0.248	0.453	0.001	0.298
0.001	0.997	0.001	0.001
>GTAGGCTTT	14-GTAGGCTTT	8.318660	-37.396637	0	T:64.0(0.64%),B:104.2(0.15%),P:1e-16	Tpos:88.8,Tstd:34.9,Bpos:83.2,Bstd:64.4,StrandBias:10.0,Multiplicity:1.00
0.050	0.001	0.948	0.001
0.001	0.001	0.001	0.997
0.997	0.001	0.001	0.001
0.001	0.001	0.997	0.001
0.001	0.001	0.953	0.045
0.099	0.899	0.001	0.001
0.070	0.001	0.001	0.928
0.001	0.001	0.001	0.997
0.021	0.088	0.001	0.890
>GTTAACGCG	15-GTTAACGCG	6.216395	-36.523622	0	T:164.0(1.64%),B:516.0(0.75%),P:1e-15	Tpos:85.8,Tstd:65.0,Bpos:75.9,Bstd:84.2,StrandBias:10.0,Multiplicity:1.01
0.025	0.069	0.827	0.079
0.050	0.080	0.113	0.757
0.081	0.069	0.043	0.807
0.842	0.093	0.017	0.048
0.620	0.116	0.134	0.130
0.072	0.821	0.062	0.045
0.144	0.054	0.719	0.083
0.088	0.760	0.072	0.080
0.058	0.040	0.852	0.050
>TCGCGCCGG	16-TCGCGCCGG	8.176219	-34.226251	0	T:41.0(0.41%),B:44.7(0.06%),P:1e-14	Tpos:110.7,Tstd:83.0,Bpos:92.9,Bstd:85.0,StrandBias:10.0,Multiplicity:1.00
0.001	0.001	0.001	0.997
0.001	0.997	0.001	0.001
0.001	0.001	0.997	0.001
0.001	0.997	0.001	0.001
0.001	0.001	0.997	0.001
0.057	0.941	0.001	0.001
0.001	0.755	0.001	0.243
0.001	0.001	0.997	0.001
0.001	0.001	0.997	0.001
>TAGCTCAGT	17-TAGCTCAGT	8.940490	-32.742425	0	T:45.0(0.45%),B:58.8(0.08%),P:1e-14	Tpos:55.8,Tstd:36.8,Bpos:88.0,Bstd:60.1,StrandBias:10.0,Multiplicity:1.00
0.001	0.001	0.001	0.997
0.997	0.001	0.001	0.001
0.001	0.001	0.997	0.001
0.001	0.963	0.035	0.001
0.001	0.001	0.046	0.952
0.001	0.890	0.108	0.001
0.997	0.001	0.001	0.001
0.001	0.001	0.997	0.001
0.001	0.001	0.001	0.997
>GAGCGGCGG	18-GAGCGGCGG	10.891964	-30.584245	0	T:88.0(0.88%),B:218.6(0.32%),P:1e-13	Tpos:114.4,Tstd:79.0,Bpos:98.1,Bstd:122.6,StrandBias:10.0,Multiplicity:1.02
0.001	0.001	0.997	0.001
0.997	0.001	0.001	0.001
0.001	0.001	0.997	0.001
0.001	0.788	0.001	0.210
0.001	0.001	0.997	0.001
0.001	0.001	0.997	0.001
0.001	0.997	0.001	0.001
0.001	0.001	0.997	0.001
0.001	0.001	0.997	0.001
>CAACTATCG	19-CAACTATCG	8.649853	-29.936061	0	T:48.0(0.48%),B:74.7(0.11%),P:1e-13	Tpos:98.8,Tstd:50.9,Bpos:79.5,Bstd:64.3,StrandBias:10.0,Multiplicity:1.00
0.063	0.697	0.001	0.239
0.614	0.001	0.001	0.384
0.997	0.001	0.001	0.001
0.001	0.596	0.001	0.402
0.004	0.001	0.001	0.994
0.997	0.001	0.001	0.001
0.076	0.209	0.234	0.481
0.001	0.921	0.001	0.077
0.001	0.401	0.597	0.001
>CACGGRTGA	20-CACGGRTGA	8.665682	-26.386773	0	T:43.0(0.43%),B:68.6(0.10%),P:1e-11	Tpos:113.0,Tstd:72.2,Bpos:109.4,Bstd:96.7,StrandBias:10.0,Multiplicity:1.00
0.001	0.997	0.001	0.001
0.997	0.001	0.001	0.001
0.001	0.997	0.001	0.001
0.001	0.001	0.997	0.001
0.001	0.058	0.940	0.001
0.460	0.001	0.538	0.001
0.001	0.001	0.001	0.997
0.276	0.001	0.722	0.001
0.997	0.001	0.001	0.001
>ATTAGTGAC	21-ATTAGTGAC	9.266574	-25.723464	0	T:19.0(0.19%),B:8.9(0.01%),P:1e-11	Tpos:85.3,Tstd:59.2,Bpos:75.5,Bstd:25.7,StrandBias:10.0,Multiplicity:1.00
0.700	0.100	0.100	0.100
0.100	0.100	0.100	0.700
0.100	0.100	0.100	0.700
0.700	0.100	0.100	0.100
0.100	0.100	0.700	0.100
0.100	0.100	0.100	0.700
0.100	0.100	0.700	0.100
0.700	0.100	0.100	0.100
0.100	0.700	0.100	0.100
>ACAACTCAC	22-ACAACTCAC	9.266574	-25.446499	0	T:20.0(0.20%),B:10.9(0.02%),P:1e-11	Tpos:88.9,Tstd:38.7,Bpos:92.6,Bstd:25.1,StrandBias:10.0,Multiplicity:1.00
0.700	0.100	0.100	0.100
0.100	0.700	0.100	0.100
0.700	0.100	0.100	0.100
0.700	0.100	0.100	0.100
0.100	0.700	0.100	0.100
0.100	0.100	0.100	0.700
0.100	0.700	0.100	0.100
0.700	0.100	0.100	0.100
0.100	0.700	0.100	0.100
>GCGCATGAA	23-GCGCATGAA	9.266574	-25.053440	0	T:18.0(0.18%),B:7.4(0.01%),P:1e-10	Tpos:85.6,Tstd:53.6,Bpos:99.0,Bstd:67.5,StrandBias:10.0,Multiplicity:1.00
0.100	0.100	0.700	0.100
0.100	0.700	0.100	0.100
0.100	0.100	0.700	0.100
0.100	0.700	0.100	0.100
0.700	0.100	0.100	0.100
0.100	0.100	0.100	0.700
0.100	0.100	0.700	0.100
0.700	0.100	0.100	0.100
0.700	0.100	0.100	0.100
>AAGGAGTGT	24-AAGGAGTGT	9.266574	-23.879174	0	T:23.0(0.23%),B:18.8(0.03%),P:1e-10	Tpos:88.3,Tstd:36.9,Bpos:80.4,Bstd:43.4,StrandBias:10.0,Multiplicity:1.00
0.700	0.100	0.100	0.100
0.700	0.100	0.100	0.100
0.100	0.100	0.700	0.100
0.100	0.100	0.700	0.100
0.700	0.100	0.100	0.100
0.100	0.100	0.700	0.100
0.100	0.100	0.100	0.700
0.100	0.100	0.700	0.100
0.100	0.100	0.100	0.700
>CCTCGTCAT	25-CCTCGTCAT	9.266574	-12.122543	0	T:18.0(0.18%),B:28.8(0.04%),P:1e-5	Tpos:86.9,Tstd:62.5,Bpos:110.5,Bstd:20.1,StrandBias:10.0,Multiplicity:1.00
0.100	0.700	0.100	0.100
0.100	0.700	0.100	0.100
0.100	0.100	0.100	0.700
0.100	0.700	0.100	0.100
0.100	0.100	0.700	0.100
0.100	0.100	0.100	0.700
0.100	0.700	0.100	0.100
0.700	0.100	0.100	0.100
0.100	0.100	0.100	0.700
