>HHGGTRAGTN	1-HHGGTRAGTN	5.317289	-347.533341	0	T:1678.0(16.75%),B:5537.5(8.00%),P:1e-150	Tpos:114.6,Tstd:61.6,Bpos:89.3,Bstd:95.0,StrandBias:10.0,Multiplicity:1.06
0.357	0.291	0.044	0.308
0.285	0.303	0.021	0.391
0.096	0.119	0.681	0.104
0.086	0.034	0.815	0.065
0.021	0.087	0.029	0.863
0.460	0.014	0.520	0.006
0.858	0.058	0.054	0.030
0.024	0.071	0.860	0.045
0.040	0.146	0.130	0.684
0.268	0.297	0.161	0.275
>SVWGRACCWG	2-SVWGRACCWG	6.726376	-174.454366	0	T:2225.0(22.21%),B:10197.9(14.73%),P:1e-75	Tpos:92.0,Tstd:54.6,Bpos:87.3,Bstd:101.5,StrandBias:10.0,Multiplicity:1.22
0.174	0.367	0.458	0.001
0.411	0.305	0.284	0.001
0.480	0.017	0.168	0.335
0.033	0.217	0.749	0.001
0.357	0.231	0.411	0.001
0.798	0.200	0.001	0.001
0.001	0.631	0.367	0.001
0.031	0.606	0.362	0.001
0.478	0.001	0.001	0.520
0.001	0.001	0.997	0.001
>ACGMSGACGA	3-ACGMSGACGA	-2.155437	-156.596940	0	T:2776.0(27.71%),B:13768.1(19.88%),P:1e-68	Tpos:96.5,Tstd:63.7,Bpos:88.4,Bstd:118.7,StrandBias:10.0,Multiplicity:1.32
0.684	0.157	0.001	0.158
0.001	0.779	0.219	0.001
0.001	0.001	0.997	0.001
0.567	0.431	0.001	0.001
0.001	0.438	0.560	0.001
0.001	0.001	0.997	0.001
0.997	0.001	0.001	0.001
0.001	0.866	0.132	0.001
0.001	0.001	0.997	0.001
0.997	0.001	0.001	0.001
>TTCGTTGGCT	4-TTCGTTGGCT	-9.924379	-127.489905	0	T:8392.0(83.78%),B:53321.7(77.00%),P:1e-55	Tpos:91.8,Tstd:70.7,Bpos:87.2,Bstd:103.1,StrandBias:10.0,Multiplicity:1.56
0.285	0.001	0.001	0.713
0.001	0.001	0.001	0.997
0.001	0.997	0.001	0.001
0.001	0.001	0.868	0.130
0.001	0.001	0.001	0.997
0.001	0.285	0.001	0.713
0.001	0.001	0.997	0.001
0.001	0.001	0.997	0.001
0.001	0.997	0.001	0.001
0.001	0.001	0.285	0.713
>GTTCGAWYCC	5-GTTCGAWYCC	7.382924	-104.308443	0	T:146.0(1.46%),B:183.2(0.26%),P:1e-45	Tpos:109.3,Tstd:79.9,Bpos:80.3,Bstd:84.5,StrandBias:10.0,Multiplicity:1.00
0.022	0.108	0.729	0.141
0.311	0.074	0.001	0.614
0.119	0.247	0.009	0.625
0.087	0.743	0.109	0.061
0.210	0.078	0.623	0.089
0.656	0.001	0.232	0.111
0.323	0.132	0.178	0.367
0.153	0.439	0.118	0.290
0.001	0.895	0.073	0.031
0.074	0.699	0.159	0.068
>GCCGCCGCCG	6-GCCGCCGCCG	6.830120	-104.061674	0	T:1322.0(13.20%),B:5956.7(8.60%),P:1e-45	Tpos:93.1,Tstd:66.6,Bpos:85.3,Bstd:138.5,StrandBias:10.0,Multiplicity:1.45
0.042	0.095	0.797	0.066
0.056	0.790	0.096	0.058
0.077	0.713	0.148	0.062
0.036	0.085	0.846	0.033
0.032	0.856	0.037	0.075
0.060	0.726	0.126	0.088
0.021	0.071	0.854	0.054
0.034	0.798	0.100	0.068
0.049	0.799	0.075	0.077
0.062	0.062	0.822	0.054
>GGCCATGGAA	7-GGCCATGGAA	2.512553	-102.582458	0	T:9703.0(96.87%),B:64782.4(93.55%),P:1e-44	Tpos:95.3,Tstd:71.1,Bpos:88.4,Bstd:98.6,StrandBias:10.0,Multiplicity:3.50
0.100	0.100	0.700	0.100
0.100	0.100	0.700	0.100
0.100	0.700	0.100	0.100
0.100	0.700	0.100	0.100
0.700	0.100	0.100	0.100
0.100	0.100	0.100	0.700
0.100	0.100	0.700	0.100
0.100	0.100	0.700	0.100
0.700	0.100	0.100	0.100
0.700	0.100	0.100	0.100
>GTTYTCTTTC	8-GTTYTCTTTC	2.272078	-83.203320	0	T:6114.0(61.04%),B:37634.6(54.35%),P:1e-36	Tpos:86.5,Tstd:80.4,Bpos:89.3,Bstd:80.9,StrandBias:10.0,Multiplicity:1.78
0.047	0.105	0.591	0.257
0.010	0.029	0.104	0.857
0.136	0.111	0.011	0.742
0.051	0.462	0.066	0.421
0.033	0.175	0.008	0.784
0.010	0.474	0.241	0.274
0.052	0.008	0.001	0.939
0.020	0.019	0.133	0.828
0.048	0.379	0.011	0.562
0.120	0.780	0.066	0.034
>TGTAGGCTTR	9-TGTAGGCTTR	10.487185	-56.008849	0	T:38.0(0.38%),B:11.0(0.02%),P:1e-24	Tpos:80.1,Tstd:25.8,Bpos:84.1,Bstd:48.9,StrandBias:10.0,Multiplicity:1.00
0.001	0.001	0.001	0.997
0.001	0.001	0.997	0.001
0.001	0.001	0.001	0.997
0.822	0.176	0.001	0.001
0.001	0.001	0.997	0.001
0.001	0.001	0.997	0.001
0.001	0.997	0.001	0.001
0.001	0.001	0.001	0.997
0.001	0.001	0.001	0.997
0.368	0.066	0.368	0.199
>GCTCGCCGGC	10-GCTCGCCGGC	7.954033	-54.688371	0	T:226.0(2.26%),B:676.4(0.98%),P:1e-23	Tpos:97.1,Tstd:59.3,Bpos:85.9,Bstd:145.6,StrandBias:10.0,Multiplicity:1.05
0.048	0.093	0.791	0.068
0.074	0.796	0.082	0.048
0.037	0.078	0.031	0.854
0.010	0.876	0.037	0.077
0.039	0.065	0.840	0.056
0.065	0.713	0.135	0.087
0.042	0.840	0.045	0.073
0.026	0.065	0.770	0.139
0.053	0.120	0.767	0.060
0.045	0.757	0.124	0.074
>CCCCCTTCGC	11-CCCCCTTCGC	10.725899	-53.245714	0	T:35.0(0.35%),B:9.8(0.01%),P:1e-23	Tpos:110.8,Tstd:83.1,Bpos:105.3,Bstd:78.6,StrandBias:10.0,Multiplicity:1.00
0.001	0.997	0.001	0.001
0.001	0.997	0.001	0.001
0.001	0.997	0.001	0.001
0.001	0.839	0.107	0.053
0.001	0.997	0.001	0.001
0.001	0.001	0.001	0.997
0.001	0.001	0.001	0.997
0.001	0.997	0.001	0.001
0.001	0.001	0.997	0.001
0.001	0.945	0.053	0.001
>GCCSWATCAA	12-GCCSWATCAA	9.519140	-51.122310	0	T:36.0(0.36%),B:12.7(0.02%),P:1e-22	Tpos:119.5,Tstd:57.2,Bpos:94.1,Bstd:41.7,StrandBias:10.0,Multiplicity:1.00
0.001	0.001	0.997	0.001
0.001	0.997	0.001	0.001
0.001	0.981	0.001	0.017
0.045	0.404	0.550	0.001
0.441	0.001	0.001	0.557
0.997	0.001	0.001	0.001
0.001	0.001	0.001	0.997
0.001	0.954	0.001	0.044
0.997	0.001	0.001	0.001
0.997	0.001	0.001	0.001
>CCGAATCCGG	13-CCGAATCCGG	10.593092	-41.896755	0	T:38.0(0.38%),B:25.7(0.04%),P:1e-18	Tpos:103.1,Tstd:78.5,Bpos:66.0,Bstd:0.0,StrandBias:10.0,Multiplicity:1.00
0.001	0.997	0.001	0.001
0.001	0.997	0.001	0.001
0.001	0.001	0.997	0.001
0.997	0.001	0.001	0.001
0.848	0.060	0.032	0.060
0.001	0.060	0.060	0.879
0.001	0.997	0.001	0.001
0.001	0.979	0.001	0.019
0.042	0.121	0.777	0.060
0.001	0.001	0.997	0.001
>CGTCCGTCCG	14-CGTCCGTCCG	9.584469	-41.268847	0	T:44.0(0.44%),B:39.3(0.06%),P:1e-17	Tpos:75.3,Tstd:61.7,Bpos:56.4,Bstd:81.9,StrandBias:10.0,Multiplicity:1.02
0.031	0.947	0.001	0.021
0.001	0.001	0.997	0.001
0.001	0.093	0.031	0.875
0.001	0.997	0.001	0.001
0.001	0.937	0.031	0.031
0.001	0.021	0.947	0.031
0.001	0.112	0.031	0.856
0.001	0.973	0.025	0.001
0.001	0.937	0.061	0.001
0.031	0.001	0.946	0.022
>TAGTGGTTAG	15-TAGTGGTTAG	9.555680	-41.268847	0	T:44.0(0.44%),B:39.8(0.06%),P:1e-17	Tpos:66.3,Tstd:19.2,Bpos:77.7,Bstd:43.9,StrandBias:10.0,Multiplicity:1.00
0.001	0.020	0.001	0.978
0.927	0.001	0.036	0.036
0.155	0.001	0.843	0.001
0.001	0.035	0.001	0.963
0.001	0.001	0.997	0.001
0.001	0.001	0.963	0.035
0.001	0.001	0.103	0.895
0.052	0.001	0.036	0.911
0.963	0.001	0.035	0.001
0.017	0.001	0.668	0.314
>CAAAACTAAC	16-CAAAACTAAC	10.794422	-36.549555	0	T:30.0(0.30%),B:16.7(0.02%),P:1e-15	Tpos:126.2,Tstd:74.3,Bpos:93.4,Bstd:28.8,StrandBias:10.0,Multiplicity:1.00
0.001	0.997	0.001	0.001
0.997	0.001	0.001	0.001
0.718	0.001	0.001	0.280
0.805	0.001	0.193	0.001
0.805	0.001	0.193	0.001
0.001	0.997	0.001	0.001
0.001	0.126	0.001	0.872
0.805	0.001	0.001	0.193
0.997	0.001	0.001	0.001
0.001	0.997	0.001	0.001
>GGTAARCGGC	17-GGTAARCGGC	9.044970	-34.754027	0	T:41.0(0.41%),B:43.9(0.06%),P:1e-15	Tpos:108.8,Tstd:77.1,Bpos:77.6,Bstd:46.3,StrandBias:10.0,Multiplicity:1.00
0.001	0.001	0.997	0.001
0.052	0.101	0.661	0.186
0.094	0.112	0.100	0.694
0.693	0.026	0.218	0.063
0.816	0.061	0.046	0.077
0.464	0.065	0.407	0.064
0.334	0.522	0.143	0.001
0.242	0.028	0.475	0.256
0.001	0.001	0.924	0.074
0.038	0.647	0.294	0.021
>ACAACTCACC	18-ACAACTCACC	10.296193	-30.435194	0	T:18.0(0.18%),B:3.6(0.01%),P:1e-13	Tpos:93.8,Tstd:36.1,Bpos:91.0,Bstd:14.5,StrandBias:10.0,Multiplicity:1.00
0.700	0.100	0.100	0.100
0.100	0.700	0.100	0.100
0.700	0.100	0.100	0.100
0.700	0.100	0.100	0.100
0.100	0.700	0.100	0.100
0.100	0.100	0.100	0.700
0.100	0.700	0.100	0.100
0.700	0.100	0.100	0.100
0.100	0.700	0.100	0.100
0.100	0.700	0.100	0.100
>CGCGCGCTCK	19-CGCGCGCTCK	7.260923	-28.865416	0	T:124.0(1.24%),B:384.8(0.56%),P:1e-12	Tpos:119.4,Tstd:72.4,Bpos:82.9,Bstd:107.9,StrandBias:10.0,Multiplicity:1.00
0.001	0.653	0.345	0.001
0.001	0.001	0.997	0.001
0.030	0.968	0.001	0.001
0.001	0.001	0.997	0.001
0.007	0.991	0.001	0.001
0.001	0.001	0.996	0.002
0.001	0.984	0.001	0.014
0.001	0.001	0.239	0.759
0.001	0.741	0.001	0.257
0.001	0.001	0.438	0.560
>ATAGCTCAGG	20-ATAGCTCAGG	10.598755	-28.558483	0	T:27.0(0.27%),B:20.5(0.03%),P:1e-12	Tpos:47.9,Tstd:35.0,Bpos:93.7,Bstd:28.2,StrandBias:10.0,Multiplicity:1.00
0.897	0.101	0.001	0.001
0.001	0.056	0.001	0.942
0.997	0.001	0.001	0.001
0.001	0.001	0.997	0.001
0.001	0.997	0.001	0.001
0.001	0.001	0.400	0.598
0.001	0.598	0.400	0.001
0.997	0.001	0.001	0.001
0.001	0.001	0.997	0.001
0.001	0.001	0.806	0.192
>GCCGTGCCGT	21-GCCGTGCCGT	8.234558	-23.363391	0	T:69.0(0.69%),B:176.2(0.25%),P:1e-10	Tpos:131.4,Tstd:82.1,Bpos:107.0,Bstd:232.3,StrandBias:10.0,Multiplicity:1.00
0.094	0.098	0.784	0.024
0.024	0.818	0.061	0.097
0.053	0.905	0.017	0.025
0.001	0.071	0.880	0.048
0.101	0.126	0.029	0.744
0.048	0.134	0.680	0.138
0.073	0.853	0.024	0.050
0.001	0.783	0.109	0.107
0.048	0.025	0.862	0.065
0.150	0.072	0.075	0.703
>AGGTGTTGGT	22-AGGTGTTGGT	11.258880	-19.686751	0	T:17.0(0.17%),B:11.2(0.02%),P:1e-8	Tpos:68.2,Tstd:36.1,Bpos:92.3,Bstd:51.2,StrandBias:10.0,Multiplicity:1.00
0.997	0.001	0.001	0.001
0.001	0.076	0.922	0.001
0.001	0.001	0.997	0.001
0.001	0.001	0.001	0.997
0.001	0.001	0.997	0.001
0.001	0.001	0.001	0.997
0.001	0.001	0.001	0.997
0.001	0.001	0.997	0.001
0.001	0.001	0.997	0.001
0.001	0.001	0.001	0.997
>TGCTKTGCTT	23-TGCTKTGCTT	6.063983	-17.097069	0	T:363.0(3.62%),B:1828.3(2.64%),P:1e-7	Tpos:94.8,Tstd:73.9,Bpos:91.1,Bstd:108.9,StrandBias:10.0,Multiplicity:1.02
0.001	0.001	0.048	0.950
0.001	0.087	0.911	0.001
0.219	0.779	0.001	0.001
0.422	0.001	0.001	0.576
0.001	0.001	0.475	0.523
0.001	0.001	0.001	0.997
0.001	0.001	0.591	0.407
0.067	0.931	0.001	0.001
0.054	0.001	0.001	0.944
0.001	0.109	0.001	0.889
>CCTTACTCCC	24-CCTTACTCCC	9.985805	-12.818330	0	T:37.0(0.37%),B:97.8(0.14%),P:1e-5	Tpos:95.4,Tstd:80.3,Bpos:110.8,Bstd:55.4,StrandBias:10.0,Multiplicity:1.00
0.001	0.997	0.001	0.001
0.001	0.795	0.009	0.195
0.001	0.001	0.001	0.997
0.001	0.001	0.001	0.997
0.848	0.001	0.001	0.150
0.001	0.997	0.001	0.001
0.001	0.001	0.138	0.860
0.139	0.764	0.096	0.001
0.139	0.550	0.001	0.310
0.021	0.839	0.139	0.001
>TTATTTTCTV	25-TTATTTTCTV	4.734320	-10.031994	0	T:1617.0(16.14%),B:10133.1(14.63%),P:1e-4	Tpos:87.5,Tstd:68.0,Bpos:92.0,Bstd:58.5,StrandBias:10.0,Multiplicity:1.04
0.003	0.085	0.051	0.861
0.005	0.002	0.060	0.933
0.661	0.058	0.167	0.114
0.144	0.084	0.004	0.768
0.063	0.005	0.225	0.707
0.004	0.087	0.059	0.850
0.061	0.087	0.063	0.789
0.062	0.714	0.141	0.083
0.001	0.280	0.001	0.718
0.409	0.319	0.271	0.001
