>GGTRAG	1-GGTRAG	7.581196	-290.568775	0	T:1756.0(17.53%),B:6367.2(9.19%),P:1e-126	Tpos:119.2,Tstd:62.0,Bpos:87.2,Bstd:97.2,StrandBias:10.0,Multiplicity:1.04
0.001	0.001	0.997	0.001
0.001	0.001	0.997	0.001
0.001	0.001	0.001	0.997
0.486	0.001	0.512	0.001
0.997	0.001	0.001	0.001
0.001	0.001	0.997	0.001
>CATCGA	2-CATCGA	3.150966	-227.720459	0	T:5405.0(53.96%),B:29556.9(42.68%),P:1e-98	Tpos:94.9,Tstd:72.1,Bpos:89.0,Bstd:98.2,StrandBias:10.0,Multiplicity:1.50
0.082	0.657	0.190	0.071
0.618	0.034	0.048	0.300
0.252	0.159	0.094	0.495
0.029	0.728	0.072	0.171
0.106	0.020	0.812	0.062
0.696	0.048	0.137	0.119
>GTAAGT	3-GTAAGT	7.043962	-193.524271	0	T:1064.0(10.62%),B:3651.4(5.27%),P:1e-84	Tpos:108.3,Tstd:60.9,Bpos:85.5,Bstd:76.3,StrandBias:10.0,Multiplicity:1.04
0.001	0.001	0.997	0.001
0.001	0.001	0.001	0.997
0.714	0.001	0.284	0.001
0.997	0.001	0.001	0.001
0.001	0.001	0.997	0.001
0.001	0.001	0.001	0.997
>CGNCGA	4-CGNCGA	3.501104	-177.576593	0	T:4392.0(43.85%),B:23675.7(34.19%),P:1e-77	Tpos:94.7,Tstd:68.0,Bpos:85.3,Bstd:135.0,StrandBias:10.0,Multiplicity:2.63
0.001	0.774	0.103	0.122
0.131	0.020	0.780	0.069
0.347	0.239	0.203	0.211
0.050	0.694	0.136	0.120
0.079	0.033	0.870	0.018
0.537	0.224	0.140	0.099
>CAGGTA	5-CAGGTA	1.332920	-164.632373	0	T:1604.0(16.01%),B:6776.5(9.79%),P:1e-71	Tpos:103.7,Tstd:72.7,Bpos:89.3,Bstd:100.1,StrandBias:10.0,Multiplicity:1.07
0.278	0.562	0.159	0.001
0.937	0.061	0.001	0.001
0.001	0.001	0.997	0.001
0.001	0.001	0.997	0.001
0.001	0.001	0.001	0.997
0.997	0.001	0.001	0.001
>TGTRGA	6-TGTRGA	4.161239	-164.291195	0	T:4480.0(44.72%),B:24508.4(35.39%),P:1e-71	Tpos:89.5,Tstd:66.3,Bpos:88.9,Bstd:86.5,StrandBias:10.0,Multiplicity:1.38
0.112	0.054	0.040	0.794
0.097	0.001	0.797	0.105
0.234	0.276	0.053	0.437
0.389	0.129	0.318	0.164
0.001	0.036	0.870	0.093
0.799	0.072	0.086	0.043
>AGCAGC	7-AGCAGC	4.012075	-146.820762	0	T:4341.0(43.34%),B:23938.8(34.57%),P:1e-63	Tpos:94.7,Tstd:66.5,Bpos:88.4,Bstd:104.6,StrandBias:10.0,Multiplicity:1.50
0.907	0.001	0.091	0.001
0.135	0.001	0.797	0.067
0.001	0.997	0.001	0.001
0.832	0.001	0.166	0.001
0.001	0.103	0.895	0.001
0.126	0.872	0.001	0.001
>CTGTTY	8-CTGTTY	3.451601	-132.349990	0	T:6435.0(64.24%),B:38645.1(55.81%),P:1e-57	Tpos:88.9,Tstd:77.2,Bpos:89.5,Bstd:84.6,StrandBias:10.0,Multiplicity:1.75
0.112	0.746	0.001	0.141
0.067	0.287	0.086	0.560
0.001	0.035	0.693	0.271
0.095	0.100	0.046	0.759
0.122	0.095	0.035	0.748
0.001	0.369	0.123	0.507
>GACCTG	9-GACCTG	5.347580	-117.828686	0	T:2069.0(20.65%),B:10120.1(14.61%),P:1e-51	Tpos:92.0,Tstd:65.7,Bpos:89.1,Bstd:94.5,StrandBias:10.0,Multiplicity:1.13
0.257	0.001	0.741	0.001
0.997	0.001	0.001	0.001
0.001	0.997	0.001	0.001
0.001	0.796	0.202	0.001
0.001	0.001	0.001	0.997
0.001	0.001	0.997	0.001
>TACCCT	10-TACCCT	1.141015	-111.715547	0	T:4145.0(41.38%),B:23410.6(33.81%),P:1e-48	Tpos:92.8,Tstd:78.9,Bpos:90.7,Bstd:101.5,StrandBias:10.0,Multiplicity:1.29
0.001	0.001	0.017	0.981
0.786	0.001	0.212	0.001
0.001	0.997	0.001	0.001
0.001	0.997	0.001	0.001
0.001	0.827	0.171	0.001
0.001	0.001	0.001	0.997
>CGTTCG	11-CGTTCG	3.780367	-93.804726	0	T:2942.0(29.37%),B:16006.7(23.12%),P:1e-40	Tpos:92.3,Tstd:70.6,Bpos:87.6,Bstd:117.5,StrandBias:10.0,Multiplicity:1.25
0.001	0.840	0.032	0.127
0.156	0.141	0.650	0.053
0.001	0.057	0.001	0.941
0.048	0.183	0.001	0.768
0.001	0.904	0.070	0.025
0.001	0.030	0.896	0.073
>CTATGA	12-CTATGA	4.495180	-89.165612	0	T:2243.0(22.39%),B:11710.9(16.91%),P:1e-38	Tpos:93.7,Tstd:78.6,Bpos:87.0,Bstd:79.6,StrandBias:10.0,Multiplicity:1.12
0.001	0.809	0.189	0.001
0.001	0.099	0.001	0.899
0.997	0.001	0.001	0.001
0.001	0.001	0.001	0.997
0.073	0.001	0.925	0.001
0.701	0.001	0.297	0.001
>TGACTG	13-TGACTG	7.019005	-65.855106	0	T:1245.0(12.43%),B:6108.5(8.82%),P:1e-28	Tpos:89.7,Tstd:71.3,Bpos:90.1,Bstd:87.4,StrandBias:10.0,Multiplicity:1.07
0.001	0.001	0.277	0.721
0.001	0.001	0.997	0.001
0.997	0.001	0.001	0.001
0.001	0.997	0.001	0.001
0.001	0.001	0.001	0.997
0.001	0.001	0.997	0.001
>AATCGG	14-AATCGG	4.559933	-63.678729	0	T:964.0(9.62%),B:4504.5(6.50%),P:1e-27	Tpos:97.1,Tstd:67.3,Bpos:90.3,Bstd:115.7,StrandBias:10.0,Multiplicity:1.08
0.781	0.001	0.001	0.217
0.997	0.001	0.001	0.001
0.001	0.213	0.001	0.785
0.001	0.997	0.001	0.001
0.001	0.176	0.822	0.001
0.001	0.001	0.783	0.215
>AAGGAC	15-AAGGAC	2.285895	-63.396012	0	T:9930.0(99.13%),B:67573.1(97.58%),P:1e-27	Tpos:95.0,Tstd:73.8,Bpos:89.0,Bstd:91.9,StrandBias:10.0,Multiplicity:4.17
0.700	0.100	0.100	0.100
0.700	0.100	0.100	0.100
0.100	0.100	0.700	0.100
0.100	0.100	0.700	0.100
0.700	0.100	0.100	0.100
0.100	0.700	0.100	0.100
>AACTAC	16-AACTAC	3.513728	-63.151835	0	T:1633.0(16.30%),B:8499.2(12.27%),P:1e-27	Tpos:99.0,Tstd:99.8,Bpos:90.3,Bstd:81.1,StrandBias:10.0,Multiplicity:1.16
0.620	0.001	0.001	0.378
0.997	0.001	0.001	0.001
0.001	0.883	0.115	0.001
0.116	0.001	0.001	0.882
0.997	0.001	0.001	0.001
0.001	0.997	0.001	0.001
