>GACRAGGAGGA	1-GACRAGGAGGA	4.392172	-181.725509	0	T:3886.0(38.79%),B:20311.5(29.33%),P:1e-78	Tpos:97.1,Tstd:64.0,Bpos:90.0,Bstd:104.4,StrandBias:10.0,Multiplicity:1.41
0.253	0.207	0.410	0.130
0.657	0.006	0.153	0.184
0.020	0.518	0.162	0.300
0.417	0.014	0.519	0.050
0.544	0.059	0.154	0.243
0.040	0.307	0.511	0.142
0.182	0.120	0.638	0.060
0.687	0.004	0.213	0.096
0.047	0.335	0.611	0.007
0.135	0.332	0.532	0.001
0.594	0.142	0.066	0.198
>GGTGAGTGSCS	2-GGTGAGTGSCS	7.074702	-162.348197	0	T:962.0(9.60%),B:3396.0(4.90%),P:1e-70	Tpos:113.9,Tstd:56.4,Bpos:87.8,Bstd:105.5,StrandBias:10.0,Multiplicity:1.04
0.118	0.057	0.736	0.089
0.001	0.001	0.997	0.001
0.020	0.001	0.001	0.978
0.022	0.047	0.930	0.001
0.884	0.069	0.046	0.001
0.001	0.100	0.898	0.001
0.051	0.278	0.099	0.572
0.053	0.301	0.553	0.093
0.099	0.323	0.384	0.194
0.072	0.557	0.296	0.075
0.001	0.451	0.320	0.228
>GGTTCGAATCC	3-GGTTCGAATCC	8.618626	-122.691960	0	T:143.0(1.43%),B:139.6(0.20%),P:1e-53	Tpos:103.4,Tstd:77.2,Bpos:71.8,Bstd:64.1,StrandBias:10.0,Multiplicity:1.00
0.148	0.001	0.782	0.069
0.035	0.112	0.778	0.075
0.145	0.073	0.080	0.702
0.065	0.137	0.040	0.758
0.015	0.796	0.124	0.065
0.302	0.040	0.475	0.183
0.474	0.182	0.254	0.089
0.465	0.073	0.173	0.289
0.114	0.302	0.106	0.478
0.015	0.964	0.001	0.020
0.001	0.889	0.001	0.109
>GGCCATGGAAG	4-GGCCATGGAAG	-8.827027	-116.874805	0	T:6695.0(66.84%),B:40874.9(59.03%),P:1e-50	Tpos:95.0,Tstd:66.4,Bpos:86.9,Bstd:98.1,StrandBias:10.0,Multiplicity:1.64
0.001	0.001	0.997	0.001
0.045	0.001	0.953	0.001
0.001	0.997	0.001	0.001
0.045	0.953	0.001	0.001
0.997	0.001	0.001	0.001
0.001	0.001	0.001	0.997
0.001	0.001	0.997	0.001
0.001	0.001	0.997	0.001
0.997	0.001	0.001	0.001
0.828	0.046	0.125	0.001
0.001	0.001	0.997	0.001
>GCRGCNGCVGC	5-GCRGCNGCVGC	6.224500	-107.281725	0	T:2279.0(22.75%),B:11579.9(16.72%),P:1e-46	Tpos:92.0,Tstd:66.9,Bpos:82.6,Bstd:134.4,StrandBias:10.0,Multiplicity:1.52
0.090	0.119	0.706	0.085
0.062	0.728	0.145	0.065
0.359	0.174	0.405	0.062
0.060	0.142	0.758	0.040
0.065	0.795	0.139	0.001
0.246	0.306	0.233	0.215
0.038	0.131	0.768	0.063
0.077	0.743	0.122	0.058
0.212	0.349	0.252	0.187
0.048	0.098	0.779	0.075
0.110	0.705	0.120	0.065
>CGCGCCGGGCC	6-CGCGCCGGGCC	11.490816	-76.462917	0	T:63.0(0.63%),B:32.5(0.05%),P:1e-33	Tpos:122.9,Tstd:104.6,Bpos:43.9,Bstd:71.4,StrandBias:10.0,Multiplicity:1.02
0.042	0.956	0.001	0.001
0.001	0.001	0.956	0.042
0.128	0.681	0.190	0.001
0.001	0.001	0.997	0.001
0.001	0.997	0.001	0.001
0.001	0.997	0.001	0.001
0.001	0.001	0.997	0.001
0.001	0.001	0.997	0.001
0.001	0.001	0.997	0.001
0.001	0.997	0.001	0.001
0.001	0.871	0.001	0.127
>CTGTAGGCTTT	7-CTGTAGGCTTT	8.804061	-64.277200	0	T:44.0(0.44%),B:13.6(0.02%),P:1e-27	Tpos:77.7,Tstd:29.8,Bpos:81.5,Bstd:43.3,StrandBias:10.0,Multiplicity:1.00
0.029	0.969	0.001	0.001
0.001	0.001	0.001	0.997
0.001	0.001	0.997	0.001
0.001	0.001	0.001	0.997
0.969	0.029	0.001	0.001
0.020	0.001	0.978	0.001
0.001	0.020	0.978	0.001
0.001	0.997	0.001	0.001
0.021	0.030	0.001	0.948
0.001	0.001	0.020	0.978
0.030	0.061	0.021	0.888
>TCGTCGTCGGC	8-TCGTCGTCGGC	8.082914	-62.208554	0	T:151.0(1.51%),B:325.6(0.47%),P:1e-27	Tpos:81.3,Tstd:47.4,Bpos:76.3,Bstd:112.6,StrandBias:10.0,Multiplicity:1.01
0.001	0.116	0.037	0.846
0.018	0.915	0.049	0.018
0.086	0.062	0.797	0.055
0.037	0.031	0.129	0.803
0.018	0.853	0.092	0.037
0.055	0.201	0.707	0.037
0.001	0.079	0.073	0.847
0.001	0.877	0.049	0.073
0.129	0.092	0.761	0.018
0.037	0.129	0.748	0.086
0.074	0.852	0.037	0.037
>CTCGCTCGCCT	9-CTCGCTCGCCT	8.383598	-56.890672	0	T:51.0(0.51%),B:32.9(0.05%),P:1e-24	Tpos:105.7,Tstd:70.2,Bpos:142.7,Bstd:120.9,StrandBias:10.0,Multiplicity:1.00
0.050	0.794	0.133	0.023
0.158	0.105	0.181	0.556
0.001	0.692	0.202	0.105
0.083	0.200	0.583	0.134
0.071	0.637	0.159	0.133
0.080	0.224	0.037	0.659
0.013	0.623	0.241	0.123
0.077	0.197	0.615	0.111
0.037	0.704	0.090	0.169
0.042	0.764	0.062	0.132
0.143	0.185	0.175	0.497
>CCCGCTTCGCG	10-CCCGCTTCGCG	9.682215	-49.350531	0	T:67.0(0.67%),B:83.4(0.12%),P:1e-21	Tpos:122.0,Tstd:78.0,Bpos:91.3,Bstd:128.4,StrandBias:10.0,Multiplicity:1.00
0.016	0.949	0.034	0.001
0.001	0.848	0.067	0.084
0.017	0.808	0.104	0.071
0.057	0.033	0.836	0.074
0.017	0.921	0.050	0.012
0.045	0.112	0.054	0.789
0.041	0.115	0.176	0.668
0.045	0.806	0.082	0.067
0.017	0.169	0.774	0.040
0.045	0.805	0.107	0.043
0.045	0.076	0.805	0.074
>TAGCTCAGTCG	11-TAGCTCAGTCG	11.547637	-48.236283	0	T:33.0(0.33%),B:10.8(0.02%),P:1e-20	Tpos:59.1,Tstd:28.5,Bpos:101.3,Bstd:97.5,StrandBias:10.0,Multiplicity:1.00
0.001	0.001	0.001	0.997
0.997	0.001	0.001	0.001
0.001	0.050	0.948	0.001
0.001	0.997	0.001	0.001
0.001	0.001	0.001	0.997
0.001	0.997	0.001	0.001
0.997	0.001	0.001	0.001
0.001	0.050	0.948	0.001
0.001	0.001	0.001	0.997
0.051	0.561	0.259	0.129
0.050	0.001	0.948	0.001
>CCGATTCCGGA	12-CCGATTCCGGA	10.095804	-46.855974	0	T:30.0(0.30%),B:7.6(0.01%),P:1e-20	Tpos:100.8,Tstd:93.6,Bpos:32.8,Bstd:31.3,StrandBias:10.0,Multiplicity:1.38
0.054	0.843	0.102	0.001
0.001	0.806	0.087	0.106
0.035	0.001	0.861	0.103
0.738	0.105	0.004	0.153
0.053	0.004	0.108	0.835
0.051	0.056	0.002	0.891
0.001	0.846	0.102	0.051
0.102	0.846	0.001	0.051
0.001	0.156	0.756	0.087
0.001	0.035	0.913	0.051
0.662	0.041	0.041	0.256
>TAGTGGTTAGC	13-TAGTGGTTAGC	11.232235	-45.994071	0	T:26.0(0.26%),B:3.8(0.01%),P:1e-19	Tpos:66.2,Tstd:13.2,Bpos:96.4,Bstd:30.4,StrandBias:10.0,Multiplicity:1.00
0.001	0.001	0.001	0.997
0.946	0.001	0.001	0.052
0.104	0.001	0.894	0.001
0.001	0.001	0.001	0.997
0.001	0.001	0.997	0.001
0.001	0.001	0.946	0.052
0.001	0.001	0.001	0.997
0.052	0.001	0.052	0.895
0.997	0.001	0.001	0.001
0.001	0.001	0.631	0.367
0.001	0.736	0.262	0.001
>GCAGKTGAACA	14-GCAGKTGAACA	8.371664	-43.415528	0	T:147.0(1.47%),B:397.4(0.57%),P:1e-18	Tpos:95.9,Tstd:63.9,Bpos:96.9,Bstd:65.7,StrandBias:10.0,Multiplicity:1.12
0.001	0.271	0.673	0.055
0.130	0.712	0.131	0.027
0.721	0.001	0.001	0.277
0.001	0.038	0.568	0.393
0.001	0.001	0.477	0.521
0.056	0.038	0.062	0.844
0.172	0.026	0.801	0.001
0.814	0.002	0.182	0.002
0.896	0.026	0.001	0.077
0.146	0.852	0.001	0.001
0.789	0.065	0.028	0.118
>AGCTARTGCAT	15-AGCTARTGCAT	11.888623	-42.520248	0	T:22.0(0.22%),B:1.7(0.00%),P:1e-18	Tpos:94.6,Tstd:75.6,Bpos:86.4,Bstd:25.0,StrandBias:10.0,Multiplicity:1.00
0.588	0.001	0.400	0.011
0.001	0.001	0.997	0.001
0.001	0.997	0.001	0.001
0.001	0.001	0.001	0.997
0.938	0.001	0.060	0.001
0.542	0.001	0.400	0.057
0.001	0.001	0.001	0.997
0.127	0.001	0.815	0.057
0.001	0.997	0.001	0.001
0.931	0.067	0.001	0.001
0.001	0.001	0.001	0.997
>TAGTGACGCGC	16-TAGTGACGCGC	11.229650	-41.386591	0	T:20.0(0.20%),B:0.0(0.00%),P:1e-17	Tpos:73.0,Tstd:52.8,Bpos:0.0,Bstd:0.0,StrandBias:10.0,Multiplicity:1.00
0.001	0.001	0.001	0.997
0.922	0.001	0.076	0.001
0.001	0.307	0.691	0.001
0.076	0.001	0.001	0.922
0.001	0.001	0.997	0.001
0.922	0.076	0.001	0.001
0.001	0.922	0.076	0.001
0.001	0.001	0.997	0.001
0.001	0.997	0.001	0.001
0.001	0.001	0.997	0.001
0.001	0.997	0.001	0.001
>GCATTTATCAG	17-GCATTTATCAG	11.325813	-41.386591	0	T:20.0(0.20%),B:1.0(0.00%),P:1e-17	Tpos:131.2,Tstd:84.2,Bpos:104.1,Bstd:29.2,StrandBias:10.0,Multiplicity:1.00
0.100	0.100	0.700	0.100
0.100	0.700	0.100	0.100
0.700	0.100	0.100	0.100
0.100	0.100	0.100	0.700
0.100	0.100	0.100	0.700
0.100	0.100	0.100	0.700
0.700	0.100	0.100	0.100
0.100	0.100	0.100	0.700
0.100	0.700	0.100	0.100
0.700	0.100	0.100	0.100
0.100	0.100	0.700	0.100
>TCCGBCCGTCG	18-TCCGBCCGTCG	8.481341	-40.831234	0	T:47.0(0.47%),B:47.8(0.07%),P:1e-17	Tpos:74.4,Tstd:52.5,Bpos:93.3,Bstd:105.9,StrandBias:10.0,Multiplicity:1.00
0.006	0.282	0.248	0.464
0.031	0.826	0.066	0.077
0.109	0.746	0.001	0.144
0.074	0.224	0.516	0.186
0.114	0.240	0.300	0.346
0.004	0.725	0.199	0.072
0.075	0.587	0.171	0.167
0.001	0.232	0.719	0.048
0.004	0.204	0.241	0.551
0.055	0.763	0.076	0.106
0.046	0.202	0.659	0.093
>GCATTTKGCTG	19-GCATTTKGCTG	8.257991	-39.375751	0	T:154.0(1.54%),B:451.5(0.65%),P:1e-17	Tpos:86.2,Tstd:46.3,Bpos:83.6,Bstd:79.1,StrandBias:10.0,Multiplicity:1.00
0.001	0.001	0.997	0.001
0.003	0.796	0.200	0.001
0.968	0.001	0.001	0.030
0.001	0.110	0.096	0.793
0.064	0.193	0.001	0.742
0.003	0.068	0.194	0.735
0.007	0.007	0.462	0.524
0.387	0.001	0.609	0.003
0.001	0.934	0.064	0.001
0.001	0.001	0.002	0.996
0.064	0.001	0.871	0.064
>CTAAGGAGTGT	20-CTAAGGAGTGT	11.325813	-39.316432	0	T:19.0(0.19%),B:0.4(0.00%),P:1e-17	Tpos:88.1,Tstd:36.7,Bpos:12.0,Bstd:0.0,StrandBias:10.0,Multiplicity:1.00
0.100	0.700	0.100	0.100
0.100	0.100	0.100	0.700
0.700	0.100	0.100	0.100
0.700	0.100	0.100	0.100
0.100	0.100	0.700	0.100
0.100	0.100	0.700	0.100
0.700	0.100	0.100	0.100
0.100	0.100	0.700	0.100
0.100	0.100	0.100	0.700
0.100	0.100	0.700	0.100
0.100	0.100	0.100	0.700
>ACAACTCACCT	21-ACAACTCACCT	11.784087	-39.004454	0	T:25.0(0.25%),B:6.3(0.01%),P:1e-16	Tpos:95.3,Tstd:49.9,Bpos:104.0,Bstd:23.9,StrandBias:10.0,Multiplicity:1.00
0.997	0.001	0.001	0.001
0.001	0.997	0.001	0.001
0.997	0.001	0.001	0.001
0.961	0.001	0.037	0.001
0.001	0.997	0.001	0.001
0.001	0.001	0.001	0.997
0.001	0.997	0.001	0.001
0.997	0.001	0.001	0.001
0.001	0.917	0.081	0.001
0.001	0.944	0.054	0.001
0.001	0.001	0.001	0.997
>CCGAATCGACT	22-CCGAATCGACT	11.063931	-36.228792	0	T:21.0(0.21%),B:3.5(0.01%),P:1e-15	Tpos:102.3,Tstd:39.7,Bpos:82.2,Bstd:55.6,StrandBias:10.0,Multiplicity:1.00
0.001	0.997	0.001	0.001
0.001	0.817	0.001	0.181
0.001	0.001	0.997	0.001
0.633	0.365	0.001	0.001
0.997	0.001	0.001	0.001
0.001	0.181	0.001	0.817
0.001	0.817	0.001	0.181
0.086	0.182	0.731	0.001
0.635	0.001	0.001	0.363
0.181	0.817	0.001	0.001
0.001	0.001	0.001	0.997
>CGTCGGGCGCT	23-CGTCGGGCGCT	9.300945	-35.848669	0	T:68.0(0.68%),B:122.8(0.18%),P:1e-15	Tpos:89.8,Tstd:65.8,Bpos:141.7,Bstd:458.3,StrandBias:10.0,Multiplicity:1.00
0.062	0.846	0.046	0.046
0.069	0.047	0.826	0.058
0.053	0.073	0.132	0.742
0.001	0.867	0.131	0.001
0.116	0.093	0.729	0.062
0.069	0.109	0.753	0.069
0.001	0.092	0.861	0.046
0.132	0.821	0.024	0.023
0.040	0.046	0.845	0.069
0.023	0.930	0.046	0.001
0.001	0.105	0.102	0.792
>ACGGCTACTAC	24-ACGGCTACTAC	9.598851	-31.981924	0	T:32.0(0.32%),B:26.1(0.04%),P:1e-13	Tpos:149.4,Tstd:85.6,Bpos:121.1,Bstd:48.0,StrandBias:10.0,Multiplicity:1.00
0.673	0.108	0.107	0.112
0.081	0.666	0.153	0.100
0.129	0.081	0.668	0.122
0.080	0.090	0.743	0.087
0.048	0.833	0.054	0.065
0.103	0.120	0.069	0.708
0.661	0.121	0.129	0.089
0.049	0.795	0.074	0.082
0.094	0.116	0.060	0.730
0.690	0.102	0.095	0.113
0.051	0.835	0.060	0.054
>TMCACTGGCCG	25-TMCACTGGCCG	8.733689	-31.157031	0	T:31.0(0.31%),B:25.9(0.04%),P:1e-13	Tpos:89.7,Tstd:55.2,Bpos:115.6,Bstd:59.1,StrandBias:10.0,Multiplicity:1.04
0.001	0.001	0.006	0.992
0.362	0.462	0.022	0.154
0.001	0.997	0.001	0.001
0.997	0.001	0.001	0.001
0.001	0.997	0.001	0.001
0.154	0.207	0.022	0.617
0.001	0.021	0.977	0.001
0.001	0.001	0.997	0.001
0.001	0.997	0.001	0.001
0.001	0.845	0.153	0.001
0.001	0.001	0.997	0.001
