>GGTAAGY	1-GGTAAGY	5.116391	-368.043659	0	T:1920.0(19.17%),B:6597.9(9.53%),P:1e-159	Tpos:116.0,Tstd:63.8,Bpos:87.4,Bstd:94.4,StrandBias:10.0,Multiplicity:1.06
0.016	0.132	0.783	0.069
0.044	0.054	0.866	0.036
0.032	0.015	0.010	0.943
0.542	0.053	0.379	0.026
0.756	0.108	0.031	0.105
0.136	0.121	0.734	0.009
0.075	0.341	0.203	0.381
>CGAGGAC	2-CGAGGAC	4.751847	-250.499335	0	T:2416.0(24.12%),B:10361.7(14.96%),P:1e-108	Tpos:97.3,Tstd:65.8,Bpos:88.6,Bstd:112.9,StrandBias:10.0,Multiplicity:1.23
0.001	0.864	0.055	0.080
0.096	0.001	0.902	0.001
0.881	0.001	0.044	0.074
0.017	0.035	0.932	0.016
0.146	0.023	0.767	0.064
0.918	0.080	0.001	0.001
0.001	0.860	0.090	0.049
>TGAAGAA	3-TGAAGAA	3.375965	-208.219312	0	T:6514.0(65.03%),B:37661.7(54.39%),P:1e-90	Tpos:91.1,Tstd:70.7,Bpos:89.7,Bstd:85.2,StrandBias:10.0,Multiplicity:1.80
0.017	0.100	0.108	0.775
0.039	0.081	0.857	0.023
0.623	0.220	0.083	0.074
0.615	0.099	0.072	0.214
0.012	0.158	0.798	0.032
0.688	0.021	0.228	0.063
0.650	0.104	0.090	0.156
>RCATCGA	4-RCATCGA	-0.049040	-187.385296	0	T:5471.0(54.62%),B:30738.8(44.39%),P:1e-81	Tpos:95.5,Tstd:72.7,Bpos:88.3,Bstd:105.1,StrandBias:10.0,Multiplicity:1.52
0.432	0.205	0.347	0.016
0.001	0.649	0.267	0.083
0.650	0.001	0.001	0.348
0.024	0.001	0.001	0.974
0.001	0.997	0.001	0.001
0.001	0.001	0.997	0.001
0.746	0.001	0.252	0.001
>CTGGACC	5-CTGGACC	4.501102	-150.982086	0	T:3816.0(38.10%),B:20424.1(29.49%),P:1e-65	Tpos:95.3,Tstd:63.6,Bpos:88.1,Bstd:112.2,StrandBias:10.0,Multiplicity:1.33
0.066	0.784	0.149	0.001
0.064	0.001	0.048	0.887
0.001	0.001	0.997	0.001
0.056	0.031	0.850	0.063
0.866	0.035	0.098	0.001
0.001	0.929	0.034	0.036
0.081	0.846	0.031	0.042
>GCCGCCG	6-GCCGCCG	4.224121	-109.369293	0	T:3075.0(30.70%),B:16513.2(23.85%),P:1e-47	Tpos:91.4,Tstd:67.4,Bpos:83.6,Bstd:135.1,StrandBias:10.0,Multiplicity:2.54
0.001	0.098	0.859	0.042
0.012	0.851	0.059	0.078
0.001	0.839	0.119	0.041
0.001	0.001	0.997	0.001
0.072	0.827	0.030	0.071
0.001	0.874	0.061	0.064
0.001	0.001	0.953	0.045
>TCTTTTC	7-TCTTTTC	3.405382	-99.547113	0	T:4110.0(41.03%),B:23472.7(33.90%),P:1e-43	Tpos:87.4,Tstd:84.7,Bpos:89.7,Bstd:84.5,StrandBias:10.0,Multiplicity:1.47
0.075	0.153	0.020	0.752
0.001	0.784	0.124	0.091
0.001	0.074	0.092	0.833
0.001	0.046	0.001	0.952
0.001	0.001	0.001	0.997
0.038	0.056	0.132	0.774
0.025	0.955	0.019	0.001
>HGTMSGY	8-HGTMSGY	4.628382	-68.752984	0	T:1297.0(12.95%),B:6364.1(9.19%),P:1e-29	Tpos:95.0,Tstd:69.1,Bpos:87.6,Bstd:94.9,StrandBias:10.0,Multiplicity:1.10
0.395	0.256	0.005	0.344
0.140	0.001	0.819	0.040
0.001	0.001	0.001	0.997
0.536	0.462	0.001	0.001
0.233	0.402	0.364	0.001
0.196	0.223	0.419	0.163
0.001	0.374	0.201	0.425
>TGGCGGA	9-TGGCGGA	6.001508	-65.747622	0	T:649.0(6.48%),B:2713.3(3.92%),P:1e-28	Tpos:88.1,Tstd:56.1,Bpos:83.2,Bstd:89.0,StrandBias:10.0,Multiplicity:1.03
0.001	0.001	0.001	0.997
0.047	0.001	0.951	0.001
0.001	0.001	0.894	0.104
0.001	0.997	0.001	0.001
0.001	0.229	0.594	0.176
0.001	0.001	0.997	0.001
0.997	0.001	0.001	0.001
>CGGTAGC	10-CGGTAGC	6.590782	-59.479225	0	T:591.0(5.90%),B:2475.7(3.58%),P:1e-25	Tpos:95.6,Tstd:72.9,Bpos:88.1,Bstd:152.6,StrandBias:10.0,Multiplicity:1.03
0.272	0.431	0.221	0.077
0.003	0.172	0.684	0.141
0.202	0.001	0.591	0.206
0.001	0.382	0.001	0.616
0.843	0.104	0.052	0.001
0.001	0.005	0.993	0.001
0.002	0.965	0.028	0.005
>TGACTCT	11-TGACTCT	5.908979	-57.728723	0	T:750.0(7.49%),B:3376.2(4.88%),P:1e-25	Tpos:89.6,Tstd:79.0,Bpos:90.4,Bstd:106.8,StrandBias:10.0,Multiplicity:1.03
0.001	0.001	0.119	0.879
0.001	0.001	0.997	0.001
0.997	0.001	0.001	0.001
0.001	0.997	0.001	0.001
0.001	0.155	0.001	0.843
0.132	0.700	0.167	0.001
0.001	0.001	0.001	0.997
>CCAGTTC	12-CCAGTTC	3.315515	-52.692138	0	T:8956.0(89.41%),B:59451.1(85.85%),P:1e-22	Tpos:92.6,Tstd:73.5,Bpos:88.6,Bstd:95.7,StrandBias:10.0,Multiplicity:2.27
0.100	0.700	0.100	0.100
0.100	0.700	0.100	0.100
0.700	0.100	0.100	0.100
0.100	0.100	0.700	0.100
0.100	0.100	0.100	0.700
0.100	0.100	0.100	0.700
0.100	0.700	0.100	0.100
>GCCCTGA	13-GCCCTGA	6.634886	-51.113810	0	T:757.0(7.56%),B:3515.5(5.08%),P:1e-22	Tpos:90.7,Tstd:57.1,Bpos:91.5,Bstd:129.6,StrandBias:10.0,Multiplicity:1.03
0.001	0.001	0.997	0.001
0.096	0.902	0.001	0.001
0.001	0.802	0.196	0.001
0.001	0.933	0.065	0.001
0.001	0.001	0.001	0.997
0.001	0.001	0.997	0.001
0.997	0.001	0.001	0.001
>ACCATGG	14-ACCATGG	8.672680	-49.345842	0	T:402.0(4.01%),B:1585.9(2.29%),P:1e-21	Tpos:102.5,Tstd:84.2,Bpos:88.6,Bstd:126.4,StrandBias:10.0,Multiplicity:1.01
0.997	0.001	0.001	0.001
0.001	0.997	0.001	0.001
0.001	0.997	0.001	0.001
0.997	0.001	0.001	0.001
0.363	0.001	0.001	0.635
0.001	0.001	0.997	0.001
0.001	0.001	0.997	0.001
>CTGACAS	15-CTGACAS	4.707705	-45.816484	0	T:1624.0(16.21%),B:8849.1(12.78%),P:1e-19	Tpos:92.4,Tstd:67.9,Bpos:90.5,Bstd:94.2,StrandBias:10.0,Multiplicity:1.10
0.001	0.894	0.001	0.104
0.001	0.001	0.001	0.997
0.001	0.001	0.824	0.174
0.942	0.001	0.056	0.001
0.001	0.905	0.001	0.093
0.997	0.001	0.001	0.001
0.001	0.441	0.297	0.261
>CGAGCGG	16-CGAGCGG	8.125385	-44.788250	0	T:280.0(2.80%),B:1007.7(1.46%),P:1e-19	Tpos:89.1,Tstd:59.9,Bpos:91.7,Bstd:141.5,StrandBias:10.0,Multiplicity:1.03
0.001	0.997	0.001	0.001
0.001	0.001	0.997	0.001
0.788	0.001	0.001	0.210
0.001	0.001	0.997	0.001
0.001	0.997	0.001	0.001
0.001	0.001	0.997	0.001
0.001	0.001	0.997	0.001
>TGCTGTT	17-TGCTGTT	5.082129	-42.428428	0	T:2475.0(24.71%),B:14378.2(20.76%),P:1e-18	Tpos:91.3,Tstd:71.8,Bpos:88.9,Bstd:101.3,StrandBias:10.0,Multiplicity:1.20
0.252	0.001	0.001	0.746
0.093	0.011	0.895	0.001
0.001	0.997	0.001	0.001
0.001	0.001	0.027	0.971
0.001	0.168	0.676	0.155
0.001	0.316	0.001	0.682
0.033	0.001	0.001	0.965
>CATCAAC	18-CATCAAC	7.733440	-41.489272	0	T:376.0(3.75%),B:1535.1(2.22%),P:1e-18	Tpos:91.3,Tstd:49.5,Bpos:86.7,Bstd:80.7,StrandBias:10.0,Multiplicity:1.02
0.001	0.818	0.180	0.001
0.997	0.001	0.001	0.001
0.001	0.001	0.001	0.997
0.001	0.997	0.001	0.001
0.997	0.001	0.001	0.001
0.997	0.001	0.001	0.001
0.001	0.786	0.212	0.001
>TAMGGCG	19-TAMGGCG	5.747323	-40.109634	0	T:213.0(2.13%),B:719.2(1.04%),P:1e-17	Tpos:82.1,Tstd:58.2,Bpos:82.8,Bstd:116.2,StrandBias:10.0,Multiplicity:1.01
0.001	0.165	0.001	0.833
0.859	0.001	0.001	0.139
0.345	0.379	0.080	0.196
0.147	0.131	0.637	0.085
0.001	0.058	0.699	0.242
0.064	0.820	0.115	0.001
0.001	0.064	0.837	0.098
>CATTSGG	20-CATTSGG	5.977320	-40.003795	0	T:538.0(5.37%),B:2443.3(3.53%),P:1e-17	Tpos:96.2,Tstd:66.7,Bpos:85.9,Bstd:87.5,StrandBias:10.0,Multiplicity:1.05
0.361	0.541	0.001	0.097
0.894	0.001	0.032	0.073
0.099	0.001	0.033	0.867
0.073	0.274	0.001	0.652
0.001	0.561	0.437	0.001
0.001	0.211	0.787	0.001
0.256	0.001	0.738	0.005
>TCGTCGT	21-TCGTCGT	7.217632	-29.643750	0	T:172.0(1.72%),B:606.9(0.88%),P:1e-12	Tpos:95.4,Tstd:67.3,Bpos:84.6,Bstd:91.9,StrandBias:10.0,Multiplicity:1.14
0.001	0.001	0.143	0.855
0.001	0.997	0.001	0.001
0.001	0.001	0.997	0.001
0.001	0.001	0.001	0.997
0.218	0.780	0.001	0.001
0.001	0.001	0.997	0.001
0.001	0.243	0.001	0.755
>CGGCTAC	22-CGGCTAC	7.207335	-27.973316	0	T:113.0(1.13%),B:340.6(0.49%),P:1e-12	Tpos:119.0,Tstd:108.2,Bpos:93.9,Bstd:104.1,StrandBias:10.0,Multiplicity:1.00
0.100	0.700	0.100	0.100
0.100	0.100	0.700	0.100
0.100	0.100	0.700	0.100
0.100	0.700	0.100	0.100
0.100	0.100	0.100	0.700
0.700	0.100	0.100	0.100
0.100	0.700	0.100	0.100
>GGTAATT	23-GGTAATT	6.230902	-23.063776	0	T:262.0(2.62%),B:1149.2(1.66%),P:1e-10	Tpos:104.4,Tstd:69.5,Bpos:87.2,Bstd:65.1,StrandBias:10.0,Multiplicity:1.01
0.001	0.044	0.748	0.207
0.001	0.001	0.918	0.080
0.070	0.157	0.028	0.745
0.782	0.037	0.138	0.043
0.794	0.006	0.145	0.055
0.312	0.066	0.145	0.477
0.100	0.052	0.313	0.535
>AGCTCGC	24-AGCTCGC	3.216953	-22.783476	0	T:573.0(5.72%),B:2958.4(4.27%),P:1e-9	Tpos:90.0,Tstd:72.9,Bpos:91.7,Bstd:124.0,StrandBias:10.0,Multiplicity:1.05
0.762	0.235	0.002	0.001
0.001	0.001	0.997	0.001
0.182	0.773	0.044	0.001
0.001	0.001	0.001	0.997
0.001	0.997	0.001	0.001
0.001	0.001	0.997	0.001
0.001	0.997	0.001	0.001
>CGTAAAG	25-CGTAAAG	6.270028	-20.375194	0	T:218.0(2.18%),B:944.9(1.36%),P:1e-8	Tpos:98.0,Tstd:98.0,Bpos:93.2,Bstd:96.1,StrandBias:10.0,Multiplicity:1.09
0.001	0.948	0.050	0.001
0.001	0.001	0.997	0.001
0.001	0.307	0.001	0.691
0.809	0.001	0.001	0.189
0.818	0.001	0.147	0.034
0.841	0.001	0.157	0.001
0.001	0.043	0.855	0.101
