>AGGTAAGT	1-AGGTAAGT	5.762550	-380.768940	0	T:1707.0(17.04%),B:5451.0(7.87%),P:1e-165	Tpos:118.9,Tstd:61.0,Bpos:87.7,Bstd:95.8,StrandBias:10.0,Multiplicity:1.04
0.553	0.201	0.046	0.200
0.056	0.051	0.842	0.051
0.008	0.044	0.941	0.007
0.002	0.014	0.030	0.954
0.546	0.047	0.396	0.011
0.817	0.071	0.057	0.055
0.046	0.085	0.783	0.086
0.098	0.179	0.157	0.566
>WSRACGAS	2-WSRACGAS	4.107158	-236.183139	0	T:5740.0(57.30%),B:31711.6(45.79%),P:1e-102	Tpos:96.0,Tstd:65.4,Bpos:90.1,Bstd:98.8,StrandBias:10.0,Multiplicity:1.69
0.473	0.001	0.001	0.525
0.001	0.549	0.449	0.001
0.390	0.022	0.473	0.114
0.569	0.143	0.001	0.287
0.001	0.665	0.333	0.001
0.250	0.187	0.455	0.108
0.581	0.001	0.074	0.344
0.001	0.457	0.541	0.001
>GCTGTKGA	3-GCTGTKGA	5.144353	-185.956914	0	T:2851.0(28.46%),B:13767.7(19.88%),P:1e-80	Tpos:92.5,Tstd:68.7,Bpos:88.3,Bstd:90.7,StrandBias:10.0,Multiplicity:1.15
0.167	0.158	0.674	0.001
0.126	0.764	0.048	0.062
0.001	0.211	0.001	0.787
0.269	0.001	0.611	0.119
0.208	0.232	0.098	0.462
0.092	0.002	0.410	0.496
0.001	0.068	0.930	0.001
0.997	0.001	0.001	0.001
>ACCGGGAS	4-ACCGGGAS	4.466381	-154.388171	0	T:2954.0(29.49%),B:14903.0(21.52%),P:1e-67	Tpos:97.3,Tstd:71.8,Bpos:89.1,Bstd:95.7,StrandBias:10.0,Multiplicity:1.17
0.997	0.001	0.001	0.001
0.045	0.518	0.180	0.257
0.001	0.737	0.001	0.261
0.032	0.229	0.650	0.089
0.001	0.100	0.716	0.183
0.001	0.001	0.997	0.001
0.972	0.001	0.001	0.026
0.001	0.484	0.444	0.071
>GGTAACKC	5-GGTAACKC	4.118219	-140.313278	0	T:2567.0(25.63%),B:12759.7(18.43%),P:1e-60	Tpos:101.4,Tstd:78.1,Bpos:88.2,Bstd:89.3,StrandBias:10.0,Multiplicity:1.15
0.109	0.229	0.640	0.022
0.064	0.002	0.892	0.042
0.001	0.045	0.001	0.953
0.997	0.001	0.001	0.001
0.438	0.210	0.248	0.105
0.223	0.398	0.233	0.146
0.018	0.234	0.300	0.448
0.226	0.493	0.222	0.059
>GCCGACGA	6-GCCGACGA	4.239574	-137.477176	0	T:3081.0(30.76%),B:15995.9(23.10%),P:1e-59	Tpos:94.8,Tstd:66.8,Bpos:88.2,Bstd:123.5,StrandBias:10.0,Multiplicity:1.20
0.127	0.109	0.697	0.067
0.105	0.780	0.073	0.042
0.105	0.773	0.060	0.062
0.139	0.035	0.706	0.120
0.762	0.001	0.116	0.121
0.042	0.806	0.129	0.023
0.025	0.079	0.832	0.064
0.649	0.107	0.110	0.134
>GCCGCCGC	7-GCCGCCGC	4.729848	-118.329913	0	T:3105.0(31.00%),B:16518.5(23.85%),P:1e-51	Tpos:91.5,Tstd:64.9,Bpos:84.9,Bstd:135.5,StrandBias:10.0,Multiplicity:1.80
0.232	0.159	0.502	0.107
0.038	0.559	0.202	0.201
0.197	0.475	0.230	0.098
0.001	0.098	0.900	0.001
0.090	0.631	0.085	0.194
0.167	0.606	0.094	0.133
0.032	0.045	0.833	0.090
0.236	0.609	0.050	0.105
>GAACGGCT	8-GAACGGCT	4.994329	-116.701557	0	T:1576.0(15.73%),B:7233.8(10.45%),P:1e-50	Tpos:98.2,Tstd:70.7,Bpos:88.1,Bstd:117.0,StrandBias:10.0,Multiplicity:1.09
0.084	0.126	0.697	0.093
0.774	0.076	0.045	0.105
0.652	0.059	0.205	0.084
0.068	0.840	0.035	0.057
0.060	0.080	0.809	0.051
0.063	0.106	0.775	0.056
0.066	0.789	0.078	0.067
0.131	0.049	0.154	0.666
>TTTTCCTT	9-TTTTCCTT	3.418732	-100.228362	0	T:5742.0(57.32%),B:34554.7(49.90%),P:1e-43	Tpos:87.3,Tstd:78.5,Bpos:89.3,Bstd:87.3,StrandBias:10.0,Multiplicity:1.80
0.001	0.155	0.167	0.677
0.089	0.063	0.202	0.646
0.018	0.104	0.231	0.647
0.078	0.246	0.155	0.521
0.077	0.605	0.165	0.153
0.041	0.674	0.124	0.161
0.001	0.221	0.204	0.574
0.052	0.139	0.154	0.655
>GATAACCG	10-GATAACCG	4.745196	-84.164973	0	T:1005.0(10.03%),B:4439.6(6.41%),P:1e-36	Tpos:96.2,Tstd:89.3,Bpos:92.1,Bstd:112.9,StrandBias:10.0,Multiplicity:1.04
0.035	0.200	0.689	0.076
0.844	0.102	0.001	0.053
0.021	0.087	0.088	0.804
0.693	0.099	0.105	0.103
0.542	0.161	0.118	0.179
0.058	0.794	0.054	0.094
0.011	0.826	0.071	0.092
0.014	0.068	0.817	0.101
>GCATTGAC	11-GCATTGAC	4.511536	-78.437256	0	T:2195.0(21.91%),B:11639.1(16.81%),P:1e-34	Tpos:87.7,Tstd:67.6,Bpos:88.3,Bstd:99.1,StrandBias:10.0,Multiplicity:1.10
0.055	0.068	0.814	0.063
0.080	0.726	0.096	0.098
0.730	0.104	0.090	0.076
0.039	0.150	0.048	0.763
0.027	0.152	0.078	0.743
0.059	0.039	0.809	0.093
0.754	0.069	0.087	0.090
0.157	0.668	0.106	0.069
>GGTTCGAT	12-GGTTCGAT	7.915364	-67.443552	0	T:99.0(0.99%),B:133.3(0.19%),P:1e-29	Tpos:110.0,Tstd:83.3,Bpos:84.0,Bstd:59.9,StrandBias:10.0,Multiplicity:1.01
0.067	0.028	0.904	0.001
0.001	0.001	0.997	0.001
0.001	0.001	0.001	0.997
0.001	0.001	0.001	0.997
0.001	0.997	0.001	0.001
0.107	0.001	0.891	0.001
0.976	0.001	0.001	0.022
0.272	0.001	0.001	0.726
>TCGGCGCG	13-TCGGCGCG	4.258819	-66.266551	0	T:1990.0(19.87%),B:10635.2(15.36%),P:1e-28	Tpos:97.0,Tstd:72.0,Bpos:85.3,Bstd:132.5,StrandBias:10.0,Multiplicity:1.30
0.081	0.032	0.148	0.739
0.046	0.952	0.001	0.001
0.001	0.001	0.928	0.070
0.001	0.001	0.975	0.023
0.040	0.920	0.001	0.039
0.041	0.039	0.919	0.001
0.019	0.772	0.208	0.001
0.112	0.039	0.792	0.057
>GTACTGTC	14-GTACTGTC	4.918430	-58.609268	0	T:807.0(8.06%),B:3685.9(5.32%),P:1e-25	Tpos:93.4,Tstd:88.9,Bpos:91.6,Bstd:91.2,StrandBias:10.0,Multiplicity:1.05
0.069	0.096	0.751	0.084
0.083	0.072	0.075	0.770
0.770	0.079	0.079	0.072
0.039	0.853	0.045	0.063
0.111	0.109	0.127	0.653
0.090	0.148	0.702	0.060
0.078	0.058	0.085	0.779
0.079	0.729	0.111	0.081
>TCGCTCGC	15-TCGCTCGC	7.236637	-48.417320	0	T:178.0(1.78%),B:502.3(0.73%),P:1e-21	Tpos:90.2,Tstd:55.5,Bpos:88.4,Bstd:116.9,StrandBias:10.0,Multiplicity:1.05
0.123	0.001	0.145	0.731
0.079	0.870	0.001	0.050
0.001	0.001	0.997	0.001
0.018	0.942	0.039	0.001
0.092	0.001	0.001	0.906
0.001	0.952	0.001	0.046
0.001	0.001	0.997	0.001
0.001	0.997	0.001	0.001
>TAGTGACG	16-TAGTGACG	8.236954	-46.428475	0	T:32.0(0.32%),B:10.4(0.01%),P:1e-20	Tpos:150.3,Tstd:120.2,Bpos:96.6,Bstd:47.0,StrandBias:10.0,Multiplicity:1.00
0.100	0.100	0.100	0.700
0.700	0.100	0.100	0.100
0.100	0.100	0.700	0.100
0.100	0.100	0.100	0.700
0.100	0.100	0.700	0.100
0.700	0.100	0.100	0.100
0.100	0.700	0.100	0.100
0.100	0.100	0.700	0.100
>AGCRTCGT	17-AGCRTCGT	5.883534	-33.042809	0	T:234.0(2.34%),B:885.2(1.28%),P:1e-14	Tpos:93.5,Tstd:63.3,Bpos:89.7,Bstd:105.5,StrandBias:10.0,Multiplicity:1.00
0.665	0.116	0.001	0.218
0.001	0.001	0.997	0.001
0.001	0.997	0.001	0.001
0.297	0.001	0.444	0.258
0.004	0.087	0.001	0.908
0.001	0.997	0.001	0.001
0.001	0.016	0.982	0.001
0.001	0.001	0.021	0.977
>TATRGCGC	18-TATRGCGC	6.032126	-30.033308	0	T:346.0(3.45%),B:1516.4(2.19%),P:1e-13	Tpos:85.0,Tstd:58.1,Bpos:91.4,Bstd:125.1,StrandBias:10.0,Multiplicity:1.04
0.001	0.002	0.133	0.864
0.963	0.035	0.001	0.001
0.279	0.145	0.046	0.530
0.480	0.001	0.483	0.036
0.005	0.110	0.823	0.062
0.001	0.997	0.001	0.001
0.001	0.001	0.997	0.001
0.011	0.748	0.237	0.004
>AGTGGTTA	19-AGTGGTTA	9.621153	-22.858940	0	T:62.0(0.62%),B:150.6(0.22%),P:1e-9	Tpos:81.1,Tstd:46.5,Bpos:89.0,Bstd:45.6,StrandBias:10.0,Multiplicity:1.02
0.997	0.001	0.001	0.001
0.235	0.001	0.763	0.001
0.001	0.001	0.001	0.997
0.001	0.001	0.997	0.001
0.001	0.001	0.997	0.001
0.001	0.001	0.001	0.997
0.001	0.001	0.001	0.997
0.997	0.001	0.001	0.001
>GACAGCCT	20-GACAGCCT	6.723735	-22.118401	0	T:174.0(1.74%),B:688.3(0.99%),P:1e-9	Tpos:105.1,Tstd:69.6,Bpos:95.9,Bstd:82.9,StrandBias:10.0,Multiplicity:1.01
0.275	0.001	0.723	0.001
0.997	0.001	0.001	0.001
0.001	0.997	0.001	0.001
0.997	0.001	0.001	0.001
0.047	0.001	0.951	0.001
0.001	0.997	0.001	0.001
0.001	0.997	0.001	0.001
0.001	0.001	0.001	0.997
>TTGAACGT	21-TTGAACGT	8.581458	-18.347708	0	T:78.0(0.78%),B:245.7(0.35%),P:1e-7	Tpos:110.0,Tstd:62.4,Bpos:100.6,Bstd:71.0,StrandBias:10.0,Multiplicity:1.00
0.001	0.001	0.367	0.631
0.001	0.001	0.001	0.997
0.001	0.001	0.997	0.001
0.811	0.001	0.001	0.187
0.631	0.001	0.001	0.367
0.255	0.743	0.001	0.001
0.001	0.001	0.997	0.001
0.001	0.001	0.001	0.997
>ACAACTCA	22-ACAACTCA	8.540517	-18.300365	0	T:68.0(0.68%),B:200.5(0.29%),P:1e-7	Tpos:101.1,Tstd:53.4,Bpos:94.4,Bstd:137.3,StrandBias:10.0,Multiplicity:1.00
0.997	0.001	0.001	0.001
0.001	0.997	0.001	0.001
0.837	0.161	0.001	0.001
0.997	0.001	0.001	0.001
0.001	0.997	0.001	0.001
0.001	0.001	0.095	0.903
0.001	0.997	0.001	0.001
0.997	0.001	0.001	0.001
>CGACAACT	23-CGACAACT	7.975123	-14.857320	0	T:74.0(0.74%),B:252.9(0.37%),P:1e-6	Tpos:89.3,Tstd:49.4,Bpos:89.9,Bstd:107.4,StrandBias:10.0,Multiplicity:1.00
0.036	0.818	0.069	0.077
0.035	0.001	0.721	0.243
0.736	0.001	0.244	0.019
0.020	0.978	0.001	0.001
0.981	0.017	0.001	0.001
0.854	0.030	0.115	0.001
0.013	0.964	0.001	0.022
0.001	0.001	0.037	0.961
>GAATCCCG	24-GAATCCCG	8.236954	-13.114055	0	T:27.0(0.27%),B:56.0(0.08%),P:1e-5	Tpos:82.2,Tstd:40.6,Bpos:78.0,Bstd:92.2,StrandBias:10.0,Multiplicity:1.00
0.100	0.100	0.700	0.100
0.700	0.100	0.100	0.100
0.700	0.100	0.100	0.100
0.100	0.100	0.100	0.700
0.100	0.700	0.100	0.100
0.100	0.700	0.100	0.100
0.100	0.700	0.100	0.100
0.100	0.100	0.700	0.100
>CGTCGCTG	25-CGTCGCTG	8.236954	-11.168449	0	T:41.0(0.41%),B:124.5(0.18%),P:1e-4	Tpos:79.6,Tstd:37.2,Bpos:64.5,Bstd:61.2,StrandBias:10.0,Multiplicity:1.00
0.100	0.700	0.100	0.100
0.100	0.100	0.700	0.100
0.100	0.100	0.100	0.700
0.100	0.700	0.100	0.100
0.100	0.100	0.700	0.100
0.100	0.700	0.100	0.100
0.100	0.100	0.100	0.700
0.100	0.100	0.700	0.100
